0.61 0.05 0.23 0.31 0.37 0.73 0.72 0.8  0.12 0.65 0.82 0.52 0.62 0.2 0.47 0.03 0.43 0.8  0.08 0.71
0.28 0.78 0.88 0.68 0.87 0.4  0.85 0.1  0.93 0.36 0.26 0.73 0.28 0.6 0.85 0.01 0.51 0.94 0.45 0.33
0.37 0.68 0.06 0.45 0.21 0.97 0.34 0.06 1.   0.8  0.43 0.84 0.74 0.23 0.75 0.5  0.59 0.63 0.44 0.13
1.   0.28 0.13 0.14 0.81 0.9  0.43 0.19 0.49 0.9  0.61 0.7  0.05 0.55 0.66 0.1  0.2  0.85 0.74 0.82
0.95 0.77 0.07 0.24 0.91 0.77 0.34 0.79 0.39 0.8  0.23 0.43 0.21 0.85 0.15 0.12 0.92 0.65 0.31 0.24
0.08 0.88 0.54 0.5  0.3  0.46 0.   0.23 0.43 0.2  0.35 0.29 0.91 0.07 0.17 0.91 0.7  0.38 0.68 0.37
0.77 0.92 0.34 0.56 0.46 0.6  0.1  0.63 0.47 0.35 0.47 1.   0.54 0.69 0.45 0.68 0.42 0.59 0.91 0.73
0.59 0.13 0.69 0.38 0.73 0.82 0.57 0.54 0.15 0.53 0.49 0.7  0.73 0.42 0.91 0.29 0.14 0.68 0.41 0.06
0.94 0.3  0.08 0.08 0.43 0.89 0.32 0.41 0.56 0.12 0.33 0.38 0.61 0.8 0.84 0.55 0.42 0.26 0.36 0.95
0.66 0.99 0.76 0.62 0.02 0.93 0.73 0.59 0.95 0.75 0.74 0.62 0.51 0.16 0.9  0.37 0.01 0.38 0.94 0.92
0.39 0.4  0.81 0.44 0.9  0.88 0.61 0.14 0.73 0.89 0.   0.24 0.12 0.65 0.35 0.78 0.41 0.71 0.11 0.76
0.24 0.49 0.26 0.17 0.99 0.89 0.78 0.42 0.98 0.17 0.41 0.11 0.47 0.58 0.72 0.14 0.97 0.63 0.31 0.57
0.63 0.74 0.45 0.65 0.73 0.6  0.01 0.8  0.98 0.47 0.95 0.15 0.96 0.72 0.97 0.99 0.75 0.94 0.36 0.08
0.2  0.83 0.29 0.16 0.94 0.9  0.34 0.66 0.07 0.43 0.91 0.96 0.82 0.68 0.74 0.7  0.12 0.06 0.7  0.38
0.44 0.33 0.33 0.82 0.84 0.4  0.21 0.08 0.49 0.92 0.96 0.93 0.32 0.78 0.3  0.25 0.16 0.83 0.44 0.66
0.14 0.11 0.41 0.24 0.51 0.57 0.67 0.45 0.71 0.68 0.99 0.68 0.97 0.65 0.89 0.41 0.94 0.51 0.92 0.05
0.41 0.79 0.68 0.37 0.25 0.77 0.87 0.29 0.08 0.18 0.06 0.4  0.4  0.71 0.66 0.76 0.58 0.18 0.47 0.55
0.28 0.28 0.89 0.52 0.36 0.58 0.63 0.01 0.88 0.87 0.72 0.52 0.45 0.39 0.83 0.79 0.35 0.41 0.2  0.15
0.96 0.35 0.93 0.28 0.93 0.98 0.24 0.87 0.04 0.3  0.7  0.53 0.9  0.91 0.81 0.47 0.91 0.11 0.88 0.11
0.25 0.53 0.91 0.27 0.48 0.5  0.6  0.39 0.77 0.01 0.59 0.37 0.99 0.22 0.95 0.39 0.53 0.91 0.17 0.87
