-46 -56 91 43 -97 -51 -50 -59 69 51 16 -27 -71 -27 -100 17 -85 -54 -39 -89 85 78 -89 75 -63 80 97 32 -67 36 -28 -98 -63 9 99 -83 98 13 66 -63 
-96 88 15 55 90 -19 4 -4 10 -68 64 19 -34 37 -62 -11 95 37 -26 -49 14 -15 41 68 32 -30 71 3 55 -24 2 10 -73 61 61 -68 -90 77 78 -98 
-49 -31 75 -64 -12 4 80 -62 22 89 -30 -77 24 -20 24 -46 -99 -92 -51 99 9 72 -33 -47 -95 96 -67 -29 89 45 -59 -86 70 -55 -88 23 72 -57 -90 -74 
-14 -75 94 62 -18 -7 6 95 37 -40 -40 26 -75 -66 28 76 33 89 -64 75 -25 -89 -100 16 53 -54 26 6 -55 47 -5 -88 25 -75 81 98 -77 -56 95 -18 
36 45 72 -4 51 56 -59 -80 83 90 98 31 -33 61 87 30 65 27 79 43 -45 31 55 16 -38 73 60 -61 21 37 -77 45 -2 20 -7 -68 -11 -98 50 10 
65 57 -59 73 17 -2 -26 -37 61 -24 -6 -98 56 33 45 -99 70 -83 99 66 76 76 86 85 5 -84 -65 57 -75 -100 60 86 28 -96 -92 -7 26 99 -68 50 
-54 51 -13 -11 -52 -47 8 -65 -69 35 -65 -87 93 -91 -7 -86 -3 73 -11 89 44 0 43 -83 37 53 -44 -80 83 -17 10 -47 69 -72 -85 -29 73 -88 -89 9 
-56 -73 -47 -79 86 94 -11 8 -95 -27 -80 89 8 74 -67 -62 69 -42 -73 -19 -82 65 93 -69 22 -29 65 -13 84 -38 46 86 -48 -80 56 47 -55 -53 22 78 
-87 7 -62 -46 -33 65 -65 -56 89 47 -77 -60 -73 36 -52 -2 67 69 -76 42 -21 26 -87 -100 -35 53 -61 -17 -86 -31 94 -13 -70 85 -60 -58 -8 76 78 88 
-40 -63 -73 -74 38 40 -48 43 17 -58 -95 30 -61 -79 -79 24 -11 58 15 -89 6 -75 -29 51 -89 85 79 -12 70 3 -27 64 42 -46 -22 -3 -10 28 -92 -18 
-63 -24 54 -75 -67 -73 -53 69 59 38 95 -8 -38 -58 31 -97 44 28 -92 41 97 57 -82 -87 21 37 -17 19 -87 -36 47 -97 -50 -31 32 -29 83 -36 -93 92 
19 -34 91 64 -9 -67 -94 89 -69 -83 60 54 87 18 -34 37 -50 7 41 94 -45 29 -74 91 55 -1 60 73 70 -73 -39 -28 78 -6 93 -45 8 77 -48 -41 
7 -24 42 23 -98 -18 -75 0 25 69 -36 -71 39 3 58 79 57 59 -42 10 74 -4 52 -36 -17 11 -17 18 66 77 -58 84 94 -92 -7 51 -8 -52 76 -62 
-59 94 78 77 -40 83 -93 63 -61 -93 -81 7 73 30 -40 73 -52 52 90 63 -84 -99 75 46 -80 14 -89 -47 -50 -16 -17 -45 25 68 5 9 -21 50 34 97 
-22 58 20 27 91 -21 -85 48 -29 48 -67 -2 32 40 -11 -35 -32 60 -19 59 31 -77 47 -59 5 39 95 -4 -46 93 34 78 98 70 26 49 -85 85 18 8 
-17 -1 -59 -50 -46 -38 84 -66 10 -99 -16 -6 -94 -46 -2 -18 -7 8 -36 -15 -93 29 59 -19 -31 -9 47 45 -87 19 59 -20 -54 44 53 1 14 -100 92 67 
22 3 -68 -3 -60 94 55 59 -80 -35 -98 40 -54 -8 2 14 62 43 21 -55 -41 19 -49 -78 -58 69 -11 -15 61 -46 -12 -99 -26 31 -57 -98 -18 -68 6 11 
-38 62 -83 -78 -1 -47 34 -73 -93 6 -72 63 -88 -77 59 52 61 -3 -15 -33 -71 -48 16 25 -20 -31 64 96 -77 53 75 -51 -31 9 27 -49 14 -94 51 56 
100 -81 -47 -99 49 -75 22 -33 90 -25 -48 -38 18 -5 -6 -86 -5 -22 -40 -36 0 46 -9 82 -11 73 -53 57 -90 5 93 95 77 91 -71 58 13 76 0 77 
-84 -24 -48 44 1 -56 -26 -13 38 -98 -58 67 -7 -100 39 20 -6 32 34 -17 57 -20 90 -40 -59 -5 -51 -59 -3 95 64 56 -31 -24 92 -10 -40 -63 25 -80 
-3 -39 12 36 -10 -22 95 -6 -68 25 75 46 -75 -65 50 -43 68 6 69 -16 -59 36 40 27 26 -37 -10 -56 6 5 3 -70 80 -88 56 98 -80 -71 5 -82 
-11 19 -81 62 8 -4 -77 30 -83 94 -2 -17 -50 30 1 -32 -94 -84 -68 28 -80 1 -17 -22 -99 -23 -11 -53 -64 -3 -63 65 95 -94 2 90 -66 31 59 34 
56 86 55 86 7 -39 -76 -44 -32 -37 -76 -85 -67 42 54 68 -23 41 42 -68 7 -81 -56 -12 -19 63 46 66 66 28 -67 52 7 -23 -69 -100 -5 37 -7 -58 
-30 21 86 -55 12 -9 -11 -34 -99 -47 -22 -30 -29 3 46 61 28 18 -83 -66 50 13 45 87 -96 -87 14 60 -41 45 -66 58 4 -22 -53 -67 92 -55 -65 -7 
-76 -48 96 -67 -23 78 -97 95 58 31 -77 -6 17 -28 8 64 -5 17 22 11 -97 56 -18 -11 15 3 90 -36 -33 93 59 -20 79 79 34 63 -10 -27 77 51 
56 -45 98 -22 48 -75 -64 27 -100 -90 -41 -97 -70 -94 -18 84 10 68 99 -7 37 82 43 18 47 -85 -69 63 66 -72 -31 42 -15 60 -8 -61 57 9 94 -75 
-58 -10 -81 59 -28 6 -1 -29 -28 -15 -91 -1 60 -10 -71 86 -13 -11 82 -40 -28 -71 95 5 76 -39 82 4 -94 23 -29 23 -11 33 43 -89 -7 -67 3 -53 
99 -81 74 -5 -29 -27 74 38 11 22 50 -35 -87 85 20 -54 54 -7 -79 -42 98 15 11 36 66 -1 60 -40 50 -34 8 93 -87 -78 6 86 -77 79 9 -92 
-8 6 -11 1 50 9 4 23 60 97 60 98 73 7 -66 67 -61 -72 -71 12 28 60 -100 20 50 -99 -49 70 10 -31 -8 18 -21 -24 -80 90 -22 -27 38 51 
54 -77 31 69 5 21 77 20 -19 33 63 -56 -22 10 -37 63 -100 31 -67 -42 30 -20 -100 -49 15 -28 -41 -71 -63 80 -5 95 82 -6 75 93 68 -71 87 55 
-65 -55 57 -98 -76 -27 -74 -86 -21 -86 93 -25 -64 69 -99 -82 65 81 57 69 78 28 23 63 -76 47 4 -45 -50 -20 -57 63 81 60 -65 23 69 -60 -53 -29 
7 -10 55 17 -30 -30 82 7 -36 35 -94 24 -9 14 73 -38 48 -99 -94 -22 -94 -75 -23 -5 86 -70 -41 61 -13 -44 62 3 27 24 50 82 -28 100 -74 -31 
43 57 97 63 60 -55 60 -82 -97 99 6 39 19 -78 -75 32 11 -71 -68 98 -10 -64 91 68 -18 38 -81 -86 -92 -5 12 32 -66 -54 -17 -33 -76 -68 46 70 
79 -7 -68 67 70 -46 -80 88 4 -91 -92 73 22 4 -77 34 90 52 74 -43 -28 -17 24 -25 83 -17 -93 50 84 -40 -48 95 2 -68 -30 -20 -80 -56 -57 55 
-12 89 78 -63 97 -13 47 -37 -69 -31 -45 -66 -26 -23 70 15 75 81 -25 -23 78 16 -90 -65 88 -18 66 10 -93 -13 -72 61 82 -13 5 -45 -80 61 10 57 
-44 -73 -55 -57 -4 55 -36 -50 86 -26 21 41 -19 -45 12 37 74 42 -14 -8 -55 27 -19 5 -40 48 -76 -71 -31 35 80 -3 100 -31 34 29 19 52 41 20 
-100 -9 -66 -75 34 -53 24 -75 -36 -68 82 73 54 64 26 -90 71 -47 12 4 -76 -99 16 4 91 68 77 3 100 5 61 39 -65 15 -100 99 78 35 -92 37 
56 -99 -77 92 57 75 -99 61 -34 42 -76 53 -21 -12 81 51 70 -53 18 98 -51 63 -55 67 98 -94 34 62 71 -98 75 56 -63 -3 -48 -89 -40 -42 -97 79 
25 -55 85 -72 -76 -39 4 67 22 86 23 19 -8 1 -13 -31 -32 -21 -99 58 24 4 -64 -20 72 11 -6 -81 0 16 -71 -3 -87 51 -48 65 98 33 18 -83 
-8 -40 -51 -64 30 25 -26 85 -84 50 -28 -87 -26 21 86 96 25 36 -16 -38 -66 22 17 -32 -94 -22 -53 -18 90 -67 46 -78 53 -37 -82 5 -69 62 61 75 
