-93 9 1 -29 46 33 14 -62 -75 -76 -74 -50 -4 36 -93 49 -86 -76 -21 -80 -27 -81 -8 80 72 15 -5 73 35 -46 -87 63 -23 36 -98 91 38 77 -81 39 -40 -61 -96 14 91 -88 -87 -9 -44 33 -56 -61 78 -88 -73 96 -17 19 22 -36 17 -26 -72 -15 -82 35 12 -91 57 -52 
-30 15 45 40 15 -39 70 14 25 -5 41 -90 -92 92 -73 65 -44 -27 -68 -92 -56 -40 -15 -47 86 -98 27 -36 64 -96 24 -41 -68 55 -14 23 -89 -70 -71 -76 -12 76 -22 -63 41 91 -8 -75 61 99 -85 99 -62 -72 -23 -39 89 46 40 -7 -70 -11 -5 -3 9 61 -76 -39 72 -23 
6 -23 32 17 2 74 45 -1 -43 -23 80 -74 -49 100 -86 86 0 35 8 57 -26 -71 -10 30 9 -54 -13 42 -93 93 -40 5 -9 -45 16 73 -41 100 5 100 -40 -36 12 -16 33 46 88 56 -75 -61 87 68 84 -41 -73 -48 88 -88 -45 39 -75 6 67 -99 -61 -3 -100 93 -54 29 
-13 10 -25 -4 -83 -18 -96 26 68 69 41 43 -4 79 94 -20 -92 27 23 26 60 -39 -7 -39 96 -45 -78 -10 70 81 40 -81 32 26 44 52 89 -3 -85 -59 37 99 16 31 69 49 7 80 -31 97 -96 -23 85 -13 -24 30 5 90 70 -32 -20 51 88 23 23 18 -91 28 -25 -57 
16 -20 -95 62 35 -74 -70 -48 -37 -92 -49 -15 81 -69 11 95 -82 10 25 95 -3 18 -47 79 94 -95 -50 79 -86 -15 25 -94 72 -52 -48 68 7 17 22 -39 -11 43 17 47 36 96 -26 -54 -3 98 34 44 92 -83 4 -37 14 68 86 24 -94 34 54 45 45 -60 51 45 -97 -15 
19 26 -78 8 -44 -10 -43 -55 -74 -72 73 -96 95 33 46 -72 -62 -8 -94 -25 -87 93 -60 95 0 -14 96 40 -87 81 -43 -84 27 -56 88 -99 81 78 -92 -49 55 -80 57 98 -33 2 -24 42 -10 -4 52 -97 -2 -63 -3 -38 -36 50 77 -72 -17 11 95 -27 79 -62 81 35 -70 -37 
-45 72 -100 -18 -25 87 -90 100 -21 69 -28 -56 50 23 100 4 9 -31 94 -11 -27 21 -65 -55 -89 -72 -90 90 -89 -14 33 -65 54 1 38 -46 -27 -26 89 -87 37 92 -4 -42 -37 72 -21 6 0 51 -96 -44 -12 -63 8 70 53 59 59 -11 -71 -82 29 94 -23 50 -19 -26 62 -7 
-82 94 -25 -10 -9 -17 -18 52 60 -35 62 -18 -45 -78 65 -39 44 -80 11 7 13 18 58 9 5 76 81 -58 87 0 5 -60 32 -47 59 62 14 2 83 -37 72 -24 -43 -67 93 -55 81 -32 -37 -36 -58 -4 -74 47 4 73 -11 -37 -22 0 30 -54 7 -16 36 -12 -47 -22 -27 -79 
13 -9 -33 21 -68 28 -1 -20 17 64 -75 -4 17 87 0 -36 41 35 -47 47 -1 -63 59 -35 97 -62 -29 50 -19 -89 39 36 19 -53 23 -82 56 -86 -4 -35 93 50 21 47 72 85 -11 -13 -8 3 -48 22 42 -20 84 24 -43 -100 -22 -66 -26 -20 41 -20 23 -2 65 -76 -13 93 
-86 11 -19 100 -16 -88 66 64 60 -49 -77 55 -62 -32 -70 -44 97 93 -74 71 79 12 -65 88 81 38 46 -67 -87 38 8 89 14 35 -80 -97 78 88 -24 87 47 -50 -83 -63 -33 -54 -67 -80 60 18 -29 4 50 22 -61 -13 24 10 83 -29 69 -40 -4 -43 -4 99 -39 -3 63 72 
18 98 69 6 68 -44 -81 -87 72 -73 53 -38 59 -5 48 -4 38 -81 -61 84 10 96 43 44 41 10 -59 82 61 -19 -85 -21 12 69 91 2 -32 72 30 -94 -7 -96 71 -73 -60 95 -69 15 -67 92 -95 -24 3 92 -14 -64 45 -49 -16 19 -41 41 70 -59 -38 99 69 93 -86 -69 
-42 5 -36 9 99 -70 64 -67 -71 37 1 5 -29 -62 -31 -78 -64 89 54 65 -54 -22 9 -83 -59 32 48 -95 -21 93 -1 8 -73 88 -71 -91 54 68 9 -77 24 69 82 40 68 -95 -73 60 -48 -68 -12 -97 69 77 41 -86 37 -43 -48 -61 43 -77 0 35 -31 26 48 88 -12 -59 
23 -57 -31 -81 48 63 -95 94 67 -70 -18 44 65 -60 -15 -12 -41 -12 -35 -54 16 35 34 -39 -52 74 -34 70 31 -30 24 21 0 -9 -87 97 -20 -68 -74 100 35 -69 -43 -32 -68 -12 23 -13 47 -29 -31 23 87 47 92 83 -86 22 29 21 7 81 77 13 4 78 82 -41 76 57 
-78 -34 -3 -6 59 -94 64 -80 -75 -17 75 63 22 94 -57 86 2 45 58 -65 -66 96 51 52 -38 -17 10 93 100 92 -54 66 41 26 44 11 18 25 74 -87 5 -46 -99 69 -10 -22 35 -32 -12 -98 -82 -64 -97 -13 84 26 -30 -85 -59 98 64 77 7 -26 78 -92 -14 61 27 -32 
-21 48 -3 19 42 4 -64 6 -63 97 -46 38 7 -89 -36 -90 -45 -82 -14 -40 -66 -49 83 -39 -82 -86 43 91 54 -16 -68 49 0 56 42 66 -9 48 -71 -76 37 -82 -93 89 63 -27 -11 -58 -93 83 -64 -10 59 -18 -34 -14 48 43 43 47 -93 -68 28 -96 -90 69 63 -87 -52 67 
58 -59 33 -66 31 -52 -23 67 86 76 78 28 -54 14 -88 -50 -19 -11 -26 -59 -23 78 60 -76 -27 92 24 -7 -5 50 49 100 55 90 27 17 -12 -12 -42 87 41 -65 -81 -43 39 39 -17 74 -8 30 44 -79 -44 -1 -1 13 64 25 -36 -32 -8 98 -74 -3 -75 -68 -36 -80 88 65 
-57 -28 59 -94 -79 -92 72 -30 59 95 -15 -31 -72 -6 11 -23 15 -36 -40 -13 -86 -35 18 -10 6 42 -2 -17 -67 31 -21 16 -77 -25 43 -82 -9 70 -70 96 -9 69 59 -4 -95 -10 17 98 -88 -88 -91 -37 46 -55 -75 -59 -82 -72 69 -77 2 -18 55 56 -100 -26 -3 38 75 -82 
-48 -69 -38 24 56 44 90 37 -92 82 82 73 -65 -65 -67 72 -2 -83 -26 -40 -65 -76 3 38 12 85 -37 27 0 10 -72 30 21 -20 78 -90 23 -64 -62 52 -100 57 86 -33 -45 -37 -50 -99 56 76 -10 0 20 -46 46 21 30 -34 25 -56 57 37 -68 50 -55 -79 31 -63 47 -67 
-100 -80 22 66 16 48 34 -78 73 33 76 8 -44 68 -51 -13 -73 38 -77 -47 94 -52 -26 -1 -8 78 -32 -98 23 89 5 -5 -63 83 -33 22 -35 13 21 -26 -94 -88 17 2 70 78 -3 55 40 21 27 30 96 42 97 78 54 -24 22 86 -32 6 0 90 5 -22 47 79 66 1 
-61 57 79 -65 -22 54 79 66 -52 98 96 58 -38 46 -35 27 52 -27 53 97 69 4 100 -64 19 -43 83 82 8 -11 -82 67 89 80 -94 35 -29 57 -87 -58 -56 -2 53 -20 -58 -72 24 85 61 -68 -5 35 -58 83 70 53 -49 21 17 22 -73 -19 -55 -87 95 57 14 -66 34 -17 
10 -32 0 23 -9 -83 42 -89 97 -46 -99 -56 18 -39 -98 -23 -19 -93 -1 48 4 -9 -16 -30 -67 -87 -51 -67 -51 40 -11 82 -41 -77 23 98 3 -80 65 72 62 88 -1 14 -19 -87 51 -6 -21 -9 -67 60 52 -64 -87 -96 94 -85 -95 13 54 6 -72 -50 52 61 -62 17 -44 90 
-48 -25 82 100 18 23 -76 -25 -96 -3 -13 -17 -96 -94 64 6 -5 2 59 -17 90 21 41 90 -42 56 -14 62 -84 -11 36 88 94 30 13 33 74 85 43 -20 -48 43 31 96 -62 93 -37 42 -16 66 18 7 75 14 -13 -3 -89 -77 -7 99 40 76 -51 -78 -27 -20 -85 -16 48 38 
-22 -62 13 -32 33 -53 -7 44 -32 4 21 -23 74 82 -71 70 -72 2 44 100 9 94 7 -42 -17 -47 57 -64 9 31 -87 -9 -94 35 -24 28 94 -8 -89 -57 -86 -97 -74 -89 42 60 -86 -45 16 -22 -35 37 49 33 33 -71 -27 76 -22 42 51 -38 -30 -73 -82 90 97 8 82 60 
54 4 -83 -16 -19 67 44 34 86 1 17 -38 -89 -71 -90 33 33 1 90 -76 15 68 41 -51 30 21 74 -17 -36 65 2 49 49 -23 89 30 -72 -6 5 62 23 -29 92 -82 46 13 56 42 63 81 74 24 -11 -58 48 -87 -77 -62 1 -82 17 75 -86 -83 -66 4 -2 64 8 78 
-6 -77 30 -100 -45 -79 29 62 7 -79 -62 2 -80 -76 -58 0 -47 -85 -39 50 -97 -80 72 41 -24 1 75 86 -34 -85 92 -63 36 100 -49 -3 -86 -15 42 64 43 -10 81 -64 38 -66 87 -53 45 -67 -57 -51 -46 -1 2 -57 -3 18 -44 -50 63 -82 98 52 79 34 2 62 89 -9 
86 44 5 72 7 -94 -65 83 -94 40 82 19 33 0 -45 -81 -89 -71 -4 25 27 90 -65 -27 99 -79 -68 -79 -97 49 2 5 -14 -68 -6 -12 -61 74 -56 -80 39 -34 -94 -44 15 -57 -81 -30 -27 -77 39 21 -44 -85 -49 5 47 87 -7 99 43 18 16 -30 -78 10 -40 -23 -93 92 
60 -17 -76 -1 -60 -74 -59 62 14 -11 -90 13 -1 79 13 -71 -8 12 48 89 3 -38 88 -58 22 -5 80 -41 -89 -8 62 29 -57 46 94 60 -43 32 -41 -36 -1 45 -85 69 84 2 17 81 2 83 100 -54 7 -10 27 -23 89 67 82 9 -24 -62 78 -13 58 66 -3 -70 4 -62 
-100 52 45 74 53 15 -92 8 -52 6 22 86 -64 32 19 -44 -75 72 -34 79 90 69 -68 -95 54 40 -99 71 66 -18 -9 -14 -12 -55 -53 -74 48 -81 49 79 70 38 -51 -22 87 -39 -81 -55 -15 75 74 84 -19 60 52 -62 49 -84 -44 -91 25 -70 -51 31 -92 -21 -2 81 -79 -65 
65 67 -53 100 -77 80 -48 66 -50 71 -6 0 -33 32 75 -4 -36 -40 33 -15 -19 -18 -4 -38 -71 -35 82 -84 -12 64 -47 67 -91 74 5 -80 -74 98 -9 11 -4 -83 -7 -41 0 -61 -99 95 25 3 -84 -5 64 15 -56 64 28 -74 -76 -33 -94 47 -38 1 -50 -41 -9 29 -17 -26 
-63 -16 68 -4 62 94 -74 -76 36 -29 33 -91 -16 100 -69 -62 -91 63 -63 74 -63 -100 41 79 16 62 34 -30 -54 -74 -40 -41 76 -15 79 40 11 70 -6 -62 12 24 22 -85 100 -100 -5 93 83 2 92 68 14 46 12 -84 -45 68 59 65 29 65 -19 -21 81 -79 -11 82 1 40 
91 -93 36 -9 49 11 -37 96 57 -9 -70 95 5 -90 -27 1 -14 -60 49 55 -48 16 -16 -76 -90 52 -66 -21 15 60 -67 -100 56 69 -59 43 42 28 63 -6 -29 98 -38 7 11 10 -81 -91 58 19 80 82 84 -42 86 -1 26 -100 -96 -91 44 -78 -71 3 -44 2 13 76 -98 -86 
54 57 85 76 78 -42 52 4 -42 94 4 -40 -82 62 68 82 -34 62 98 15 87 97 -61 -42 -93 -16 18 -25 -77 -26 -46 -31 51 -24 -46 -33 75 -48 -55 -33 10 68 66 6 64 52 -53 -90 -62 -20 -36 -70 23 -11 12 -10 33 18 7 -65 -51 3 49 42 29 0 -20 -47 87 -85 
-83 51 -74 90 -30 33 60 -20 22 -28 47 30 52 -26 -65 -79 68 -68 96 65 -37 -50 -46 42 34 -68 -74 11 -1 -77 43 -42 93 56 -5 79 5 -42 1 -86 9 14 70 -8 51 96 -39 81 3 79 99 -38 -94 66 -44 34 -42 -34 20 46 -14 10 -45 6 -12 -66 39 79 -25 -79 
-28 39 -41 58 5 -28 52 -66 65 28 -13 93 -39 45 -3 73 -13 53 17 40 93 -25 -17 58 38 15 -70 -17 -96 91 100 -73 72 34 -44 63 42 27 14 -56 -10 -1 -64 72 82 -87 38 91 15 -74 -72 8 16 24 19 74 9 -55 60 1 -45 -64 -45 -28 -58 83 26 90 85 -54 
64 71 -100 -66 -57 60 45 -97 84 -69 -30 -51 -98 -91 58 62 -27 86 -34 -18 -92 13 85 -16 19 -23 63 -64 39 3 -90 15 -51 97 -40 16 -71 -46 29 -47 -100 51 10 6 -25 -82 -45 68 -75 -31 71 6 -86 -12 -51 78 -47 -2 61 -31 -37 11 -26 -69 -98 53 72 -36 67 -99 
-72 -70 -85 21 -10 52 24 -73 78 84 11 -47 6 -89 40 -54 61 61 -47 -54 75 -4 -29 90 11 -66 38 49 -55 -35 -82 -63 90 -15 -9 17 42 86 53 -65 -12 -16 -98 -97 53 -58 -77 7 -6 -1 1 -29 -26 1 22 -69 -4 -68 32 -32 55 35 -53 -44 -54 -28 56 -93 -60 -23 
79 -84 -80 -18 -64 1 0 -55 -14 -59 55 59 -61 -64 -48 82 13 66 -87 97 52 11 -39 89 7 26 73 -71 86 26 -79 -40 15 -89 32 92 66 21 12 -86 24 52 76 -92 -16 69 92 -99 65 -76 96 -66 -42 96 -86 -48 5 -4 -39 -21 -78 -37 91 48 74 -76 39 -6 -47 -74 
3 96 97 48 25 42 81 -57 26 87 95 69 -65 30 54 -22 32 -96 -82 73 -63 19 55 -66 -20 -32 4 -22 4 -4 94 -24 -95 16 18 -81 -78 96 -30 39 8 -68 72 14 -5 90 53 32 -43 91 -91 69 19 -8 -81 -29 -51 -95 -39 -28 -72 -73 99 63 95 -99 -3 -90 -42 -61 
90 -48 37 24 -14 31 79 -10 -91 26 24 22 42 90 26 -31 -1 48 -72 75 75 88 -85 100 -44 49 -32 26 -98 -81 -80 99 -80 67 -85 -95 26 -14 -93 -64 24 -84 20 -88 83 -35 64 29 24 51 12 93 77 -51 51 91 28 61 -49 -3 28 -79 -49 -82 -6 82 71 21 -89 69 
-41 81 62 44 81 88 -3 -54 52 79 -71 39 -89 80 42 -59 66 45 -29 50 -95 -87 -53 30 32 -57 -23 -85 -68 -93 -91 -85 88 -59 -47 47 -32 24 50 71 -55 -76 -20 96 53 65 -79 -75 11 -16 28 -84 76 -47 88 23 -42 -55 31 -18 -30 -65 13 45 -4 97 6 -58 -52 -100 
-20 -80 -13 -9 -78 28 -99 44 -28 84 17 36 56 96 13 7 3 89 -30 13 10 74 32 70 13 48 -8 41 -95 -41 -51 79 56 -67 47 -66 69 50 -22 93 9 -46 -60 -98 -2 -93 53 -84 -66 -83 -13 -69 -89 14 -89 36 86 -28 10 -4 41 43 -99 -91 -34 -60 6 37 59 -91 
19 -31 60 70 89 4 40 67 -9 -48 -39 94 45 -37 0 -17 63 -65 -38 70 -33 66 -94 -89 -5 -22 -43 -33 67 57 14 -65 -89 30 -62 -86 -79 -49 -39 -90 27 94 50 39 58 -19 51 -82 -1 5 -86 23 39 -36 92 33 8 -49 46 20 -7 -2 -93 23 -26 31 -12 -75 -72 72 
-53 79 46 82 -62 -67 45 -18 -52 63 -47 -22 -29 50 -92 80 63 29 100 51 -91 99 -67 96 86 49 -86 14 49 90 -25 -27 22 -42 -80 -23 -75 25 11 91 -53 -23 -67 -57 -59 19 79 -99 -67 94 -67 61 94 11 46 100 -38 -20 73 -19 -28 85 92 -79 19 -75 90 99 -32 80 
-78 63 84 35 26 20 51 79 -28 37 -48 -52 92 57 -92 18 45 47 -23 95 -65 6 -66 24 -42 89 52 49 -1 -5 72 -93 96 84 13 -6 22 -84 -33 -84 38 -14 -49 72 45 -72 61 -56 -78 60 46 -30 -95 35 30 -20 51 100 3 -84 9 33 -41 -64 52 88 -31 -70 -95 57 
-89 -69 -35 -14 -9 48 51 -82 -75 -30 -75 -92 -75 -40 95 6 32 -45 28 27 49 -38 -5 90 -12 -70 29 10 41 30 -100 -16 -12 8 -88 13 76 -78 -90 -90 70 68 -19 -38 -9 -95 14 -60 5 66 17 84 -84 56 -29 74 29 -76 20 53 -26 73 -10 27 62 -18 -90 -30 77 -31 
-65 3 -35 -21 -5 6 24 34 79 -39 63 0 95 -38 -56 28 -45 -40 56 16 -27 16 -65 88 40 -85 -60 -34 67 51 42 -1 39 17 20 -96 29 -33 -60 -73 -75 51 -79 86 36 63 97 -94 36 -14 -22 15 68 47 -8 -42 -10 7 -95 -13 -54 -51 16 -22 56 19 45 -52 21 69 
-41 -16 46 25 4 52 47 -18 26 70 -9 -25 -87 38 -84 -90 -34 -96 46 -42 33 -46 -44 10 -5 -85 -81 67 -81 4 -33 -60 44 1 75 84 58 -29 87 87 63 92 -98 -58 23 -82 82 14 -64 -47 8 -25 67 24 46 86 55 -69 -58 38 51 -71 9 -4 -98 -77 43 94 91 -95 
85 -88 95 47 -31 45 -23 59 60 63 -95 88 73 -81 -82 14 39 -35 75 26 -100 21 93 44 1 -81 1 -17 3 86 56 -5 -91 -94 -34 -88 48 -54 -7 72 -87 86 -43 21 -5 -9 26 -71 -81 -99 -49 -99 30 34 -41 86 7 38 -85 59 88 -10 24 75 53 66 -80 -10 -26 62 
-69 33 73 56 -28 57 -37 87 48 -65 -83 -73 -25 -7 74 -86 24 -58 66 -83 75 28 24 8 -97 -56 -77 6 -56 66 -81 79 -28 40 34 -78 -35 35 88 24 1 -59 61 -4 -66 57 93 -44 35 16 -59 -10 -39 -73 15 87 0 -13 17 -85 85 89 6 54 84 45 -35 40 -24 72 
34 91 63 -32 -33 75 36 0 35 -45 -97 83 80 88 14 -47 -77 88 -92 -6 -23 -81 73 -45 -83 -94 3 40 -79 -58 -27 38 -52 -93 -17 26 -26 55 66 -26 -96 -35 -68 -34 94 -38 41 86 50 37 35 -76 65 -45 94 -8 83 -23 -9 -30 -16 -26 -27 -86 83 -22 -37 -60 -16 -89 
27 -69 -51 34 -84 87 -40 -1 74 31 -33 -58 -34 93 62 -13 -40 -50 65 -5 86 33 77 41 -79 -93 -55 83 30 -31 -54 74 61 46 64 -34 22 58 -51 -55 57 -53 -86 0 58 -93 -77 26 36 37 13 -68 -77 35 -76 -5 -2 -74 15 -91 -13 0 -86 -72 66 -38 -24 -91 -17 -10 
96 21 97 -93 89 -22 49 88 75 31 86 -21 -77 -97 -9 -56 30 -23 56 -88 -8 -68 1 68 -68 79 -49 -16 88 -89 85 37 -92 59 -30 49 5 7 -96 -88 -25 30 -51 -93 26 -3 14 -14 -74 54 -92 -47 -29 44 -25 -70 -37 61 37 -52 -7 -47 28 78 -21 -57 45 -48 -43 -32 
58 98 -46 77 48 -13 -18 -97 -50 39 49 47 4 -35 -24 -35 70 19 5 -18 39 -51 -32 36 -24 -24 -2 73 32 9 22 59 -64 -25 10 -58 -3 29 73 66 -77 47 -85 -7 53 54 -46 -99 56 34 -4 36 -27 57 -46 -26 96 4 -63 -22 100 79 12 -75 19 49 13 99 -65 44 
18 22 -53 87 -35 -55 28 -5 -19 -16 -79 22 -97 32 -63 -53 -1 -13 -63 93 49 -18 -61 -65 51 20 71 57 7 -91 81 -23 80 22 90 -37 -12 74 -11 -97 -98 -68 -11 -24 76 -52 5 13 -71 2 67 -55 -17 -18 56 -51 -60 -13 -71 -64 38 -91 -50 -89 93 -52 1 9 -90 48 
25 -5 -36 100 -95 57 3 -80 93 11 34 9 -77 -49 94 -5 -41 -21 -83 81 25 -26 -52 -3 40 47 -12 8 -72 -51 -72 83 47 49 15 38 -49 -46 26 76 -72 56 -72 48 -55 29 58 -58 33 -25 -100 -14 -88 9 -24 55 -67 39 72 -2 -45 46 54 5 84 62 -37 -24 25 -52 
94 -44 -83 -72 0 45 19 -11 -64 -55 -75 91 7 -17 76 -1 -34 99 -30 58 94 9 99 -82 90 -43 -4 -2 14 -41 40 -10 47 -59 14 42 22 96 90 77 32 -39 -66 6 -53 83 -100 61 -8 88 -8 37 -64 75 20 -2 45 -1 -69 6 -40 0 54 -1 -82 -71 71 -48 -13 75 
-74 6 34 29 -4 -80 -8 -53 12 34 3 -30 -23 92 93 -2 -29 -47 -31 93 -85 -13 87 -39 15 -7 96 9 10 55 68 91 -6 39 -69 -60 -55 -89 -70 29 -66 -19 69 40 57 86 18 -20 64 17 -91 1 -53 -25 -5 -52 -19 -18 27 -83 -86 28 1 64 20 55 -51 8 -87 -100 
-27 -51 43 4 -62 3 -61 58 70 -12 -16 4 28 12 -35 -60 85 31 -18 -80 -71 31 -97 63 52 46 63 58 -63 88 -9 -73 -69 -69 -53 -85 98 65 44 11 7 -45 -73 94 94 74 65 -51 -10 94 -93 -84 -11 62 53 71 -72 40 10 39 76 -100 37 15 -94 4 94 11 -72 73 
-7 65 -63 73 100 -90 -3 -23 34 -12 60 -56 92 -95 -95 -80 13 -34 -29 -53 16 24 -27 31 -62 -17 -94 -18 -57 -79 -37 81 -4 -95 -35 -63 -47 -41 -7 59 2 69 75 -85 -53 59 29 19 51 -22 32 -45 -32 -28 82 23 -94 28 -7 -50 43 -100 7 16 -57 42 38 80 -43 63 
45 24 24 31 90 -20 95 100 -30 -39 -5 -66 -72 -7 -59 8 59 -40 36 -85 -33 60 82 -41 -63 78 78 -90 -88 -27 -85 -25 25 -90 -5 42 65 22 -50 -95 -36 7 -38 8 -50 -81 -85 -78 90 -84 -92 17 80 13 90 21 -74 -39 -24 -14 -56 -76 -3 99 -73 -85 78 -48 44 -79 
-19 44 99 -34 -42 78 -82 62 -13 34 24 72 91 -44 -65 46 -34 76 -28 -76 51 70 81 12 -53 88 -76 96 51 -32 7 -56 -38 -95 -39 17 -73 -94 -51 -83 25 -28 -79 -22 48 -98 -20 82 90 79 -8 94 -10 54 -18 59 -12 38 56 65 -26 -69 -48 -13 61 44 -94 65 39 78 
48 96 -16 63 -79 -5 -71 92 -38 45 16 17 89 -27 74 -86 31 -79 -72 -79 -86 -4 50 -37 25 53 76 97 64 9 0 -3 55 86 -21 51 14 70 -14 3 -61 -20 94 -34 -1 -5 48 64 76 9 90 21 26 -1 6 -68 -47 -44 -66 8 87 -38 0 -55 -83 -42 -69 0 71 -72 
-76 -71 89 79 10 64 -78 26 90 6 96 85 56 -92 23 81 -20 -74 -56 73 16 -98 -99 72 76 59 30 -100 67 -44 39 -93 18 96 -3 82 -87 -49 16 13 -39 46 33 7 -32 53 -73 -92 20 100 78 -45 -74 28 -6 87 70 62 39 52 8 16 -48 -7 -83 14 -51 34 -59 -16 
-63 24 15 84 -33 77 -89 59 42 -54 -92 25 22 -38 32 -17 -12 91 -24 -43 -46 -76 60 -10 -13 -19 41 72 79 7 31 -37 34 -93 -72 -46 -59 6 -37 -52 -14 -94 57 -10 -72 47 -30 60 48 -22 -57 26 -1 77 -80 -55 -19 -36 -83 -3 -84 -82 54 87 23 -79 -67 94 -24 -18 
-81 -43 2 30 -8 -23 38 43 99 57 19 -32 70 -96 -87 -36 -96 -79 -88 94 -3 60 -33 34 -58 60 5 -10 11 -96 -9 -88 -45 51 -71 -87 -20 36 32 -58 -24 -32 56 -34 28 15 67 28 -94 -25 72 -4 -34 -35 -91 -23 -60 -87 58 -91 -2 -49 71 -90 -23 -80 -68 64 -96 -45 
6 43 -65 31 78 11 84 70 -25 52 53 13 34 92 -79 -61 -68 23 -9 70 -86 12 -19 -91 -33 36 -26 -91 71 5 19 -8 -59 92 -75 -82 76 7 5 18 2 28 -31 -20 -70 -44 -25 74 -36 -51 -43 -53 26 30 56 -47 -20 51 30 -59 -49 83 54 -21 16 -58 -79 33 64 79 
-21 -39 -89 22 45 -11 50 90 37 -65 63 -51 -22 60 -40 19 -64 -90 94 -37 8 46 43 -18 -56 5 -59 17 -87 95 -10 27 -55 -93 73 80 -73 -76 -48 -60 -38 14 -27 -97 45 57 5 57 -68 -7 -12 -68 31 -46 14 65 87 91 -6 -68 -33 -30 -66 89 -61 -48 -37 -40 33 -48 
-57 57 45 19 15 -71 47 0 -73 -17 -18 -22 11 -67 -35 83 -90 -6 -70 80 -16 39 1 -10 -43 -24 -34 -68 93 -86 0 81 -98 -100 -36 -14 -73 -51 70 63 -62 68 56 2 77 2 -44 -73 11 -20 -42 -34 -24 53 19 -28 -9 -44 65 87 29 37 -57 63 63 98 65 -74 -39 34 
-69 21 63 18 -54 78 -79 -10 10 92 -73 -32 16 -87 75 57 -49 82 -46 34 -32 -82 -35 76 61 85 -91 23 -8 25 -97 22 23 93 98 6 -79 86 -13 -72 66 82 45 56 -11 -46 -78 63 -56 -96 -54 7 -2 2 21 84 -16 -75 -29 -49 54 17 -43 6 -58 -95 -59 88 4 60 
99 96 67 -52 -33 -64 -35 11 -46 99 44 -71 -58 -99 41 67 -11 12 42 53 23 38 74 -56 35 84 30 59 43 -78 -92 -49 36 -2 -96 -21 48 -49 57 93 -10 -93 90 -87 21 -77 88 40 23 -94 83 -37 -1 -18 22 36 -78 18 -8 56 -66 20 52 -61 51 24 -33 -49 -35 96 
