73 26 45 -75 -77 -82 -97 15 67 17 14 -49 -40 79 -54 57 -79 -17 55 -52 -28 61 67 94 99 84 -47 88 36 -80 71 -7 -28 -2 -14 90 -99 35 84 83 -50 34 29 39 78 -39 -67 -98 14 17 -51 -69 -35 -66 -47 83 36 -88 20 19 -23 -34 -14 30 13 -3 -26 87 -74 -66 46 64 -28 75 -34 -9 -8 -95 32 22 -16 60 55 -63 -48 -82 5 -19 34 94 85 80 -73 -4 -73 7 -45 84 32 14 
2 8 89 -52 -8 -12 -92 -48 -75 -43 15 55 55 -50 -62 62 -23 29 -77 -83 -16 -95 -55 77 -88 -84 -63 87 -76 14 91 67 -67 33 69 16 -67 77 -54 92 20 91 6 36 52 -71 100 -65 -61 7 38 70 -99 31 12 54 22 -19 -64 71 -87 -90 -26 48 -46 -62 90 94 -37 -13 -47 18 -42 33 -34 87 42 80 19 32 6 10 31 -48 -57 -54 61 -65 -88 -2 -99 -77 61 11 81 43 50 -25 2 -11 
61 36 -91 -26 -36 -72 67 -21 -40 70 -17 -46 86 64 5 -98 57 -56 -60 58 -24 -25 78 -93 -19 -42 41 -75 -54 -28 49 94 -61 -66 -53 63 0 -43 -14 8 80 52 13 41 81 -18 79 -29 -73 11 -82 -6 63 96 -58 19 27 3 27 97 79 -48 87 75 -68 90 81 10 71 -96 74 -2 39 -64 -35 57 -47 98 29 41 48 -59 79 -92 39 -67 -13 -84 14 82 100 24 59 74 54 6 59 14 -54 81 
-47 -22 -44 21 64 79 -86 73 62 -96 -69 -40 47 -98 -89 -38 -82 12 20 -23 -21 71 81 75 52 -69 -96 17 -19 -56 84 -64 53 97 33 -47 -9 88 97 -2 90 -35 -1 32 -41 -99 -90 46 -51 -32 -90 -31 -10 43 73 -86 75 20 96 11 -30 46 96 -46 -59 -40 -44 -72 -98 -27 68 77 53 88 84 -67 68 3 -15 57 -98 -19 32 -37 -55 47 17 -5 48 33 -5 48 99 82 -26 87 22 -79 -46 -48 
-34 25 66 28 73 -21 -62 86 -76 92 -22 -96 98 99 -73 -97 95 85 37 -88 -28 -57 -56 87 -96 -3 -43 -28 -49 -46 47 96 52 16 -66 -17 24 -14 80 23 26 -27 24 51 -36 -10 49 59 5 -74 51 -12 88 56 -50 25 12 78 -21 -30 19 48 100 -51 58 82 -45 -61 34 83 -33 -77 4 -40 47 -77 62 88 -74 76 20 76 65 -82 -9 88 90 -92 -94 100 87 -87 -71 -81 51 -42 -24 43 -46 -19 
-73 -93 -34 47 -30 -99 -69 -35 -12 -96 -86 88 79 95 -93 -88 -82 -67 -100 -90 -17 71 -78 38 -7 85 -17 -39 -97 -86 24 -81 96 19 -7 0 72 48 16 33 -16 94 63 90 -89 91 80 -71 -97 -19 -57 -57 -50 -58 -47 -71 27 89 61 -45 0 -5 -37 94 64 83 41 52 96 -60 -70 -39 -93 54 5 -90 82 -3 29 -54 -39 -4 52 100 86 61 -100 -67 69 55 -19 12 64 -91 43 84 -55 1 -97 55 
-98 -57 -73 96 8 -88 -53 75 -74 96 1 49 89 74 64 70 -44 -37 96 -47 85 68 -100 -37 -95 -82 -20 7 76 -28 22 -96 -14 89 -21 59 -9 20 59 7 -33 86 39 29 -23 23 10 91 52 54 72 18 53 35 -98 -54 -87 56 -31 -87 -35 -25 9 23 44 -17 -95 69 -66 45 82 -49 74 43 -66 -97 -10 -25 9 61 62 -28 36 24 42 88 13 -46 54 62 -100 36 -75 8 38 -82 -13 -10 -54 -31 
9 -15 -99 -34 -16 -96 46 -5 46 -45 -36 16 -73 6 -13 5 61 -76 69 -92 -45 -8 -97 -44 -68 99 92 -57 -46 -34 -73 -60 -11 91 -93 94 28 59 15 -26 -80 -49 -32 79 -8 55 -7 84 90 -96 -81 89 -58 -71 -78 -29 80 23 4 34 -94 -10 71 95 -54 42 0 -74 -21 -84 -59 -53 16 89 -66 -43 -36 -55 22 71 -100 -73 46 25 -38 -9 -29 55 83 -96 -48 39 4 95 -98 66 -97 61 85 88 
28 -50 -16 15 -9 -3 -53 -32 -55 -65 13 -40 17 71 96 -75 -72 -22 85 59 32 51 -70 -39 -19 -56 -18 68 11 43 35 62 -37 61 99 30 -45 -92 53 80 -12 -68 85 49 91 59 39 39 -48 59 5 74 -30 20 45 26 61 -21 -67 -3 -38 -50 54 -50 41 63 -9 -6 73 11 -44 20 49 -78 85 -43 -27 5 -75 85 -65 89 -65 18 9 -43 -100 -4 65 -57 -46 -74 -88 46 -53 -79 9 22 2 -67 
97 -16 -36 -26 -13 -45 -86 10 99 41 77 -25 28 -22 -17 93 -46 -22 13 78 -78 93 92 98 -12 -59 25 82 7 -55 99 30 78 -43 -14 93 7 -46 79 -44 -17 82 28 -48 -11 -9 -93 -21 -13 -3 -51 55 -56 32 -91 -13 53 33 -90 -2 78 37 41 -63 -83 -100 29 44 95 -48 80 1 -69 13 11 95 -69 1 -36 11 7 38 -70 -80 55 -48 -13 13 47 -27 -14 6 -4 95 -17 -16 -26 -72 57 -62 
-13 86 8 55 95 -76 -2 51 0 72 96 -93 -56 2 -97 85 -28 -17 -18 -84 31 -76 -2 -15 -9 5 -20 75 67 -49 -75 -29 3 55 -44 98 67 34 19 18 -64 -2 56 -56 -66 34 88 25 -74 -87 -48 7 53 100 58 81 -67 48 -7 98 78 -75 36 -80 17 -13 33 99 -1 -50 -9 85 42 96 67 64 -62 79 35 -61 -67 -56 34 29 -30 58 -73 -43 -94 -61 -54 -62 -12 -12 -39 -48 67 -18 97 43 
24 31 16 16 -87 17 22 23 8 -6 -15 52 -54 -22 82 70 34 34 -80 22 -98 66 -98 -2 -93 -100 79 9 94 88 -74 23 -44 82 -41 -49 -43 -35 -57 -46 7 -4 -63 -32 23 77 66 -68 60 -5 30 -81 -88 94 25 5 47 -17 36 98 -23 -9 37 45 -38 -2 -72 31 -47 6 -14 -65 -12 -27 31 5 37 -48 -85 -43 73 -8 20 7 -51 50 86 -1 -34 85 2 93 -46 78 5 48 33 -33 95 -9 
-94 34 25 45 -68 67 20 15 -6 -97 -73 -27 -7 -40 48 82 -97 49 70 -63 29 96 3 39 21 66 -41 -78 68 43 84 51 -26 47 -69 40 -77 -57 -40 83 94 -87 -72 63 74 -7 62 30 -81 -13 -56 62 -22 100 -69 51 79 -37 82 -76 -9 94 3 69 80 -27 -74 -95 89 92 14 88 -24 44 -23 -53 -15 7 -98 -13 46 -47 59 15 83 75 -17 4 38 47 -15 -20 15 97 -50 99 -49 -3 -21 17 
55 -41 53 21 37 -67 -77 83 -90 -36 -36 -64 -82 14 75 -67 -7 -41 64 -70 -73 -80 45 -57 -95 89 -21 -3 69 -97 -4 -36 -60 -62 -58 -78 60 -38 39 -54 -84 -94 15 -76 -82 -72 -79 28 -38 94 -8 -14 85 35 8 -68 64 -93 13 0 68 96 -69 -51 80 47 41 28 -67 -70 49 23 -34 -45 -11 -71 -49 31 75 -10 45 22 -51 -96 92 -30 7 -3 52 -9 -84 39 -82 41 12 -77 -83 28 -41 27 
-34 -88 90 12 60 63 97 14 6 -86 -58 47 47 -74 77 94 70 -43 -93 20 76 -40 26 -20 61 -9 22 -26 -66 39 -62 -92 95 -52 23 40 -58 -88 34 59 75 -76 -90 39 64 -96 -10 -12 -75 -58 56 35 -36 -41 -61 -59 36 98 -32 -91 -61 -76 -15 -90 69 -23 -1 32 -49 46 -95 71 -31 -61 -63 53 100 8 76 45 -25 -88 86 17 94 -60 41 -97 -22 -78 99 14 -85 -4 -85 39 -30 84 -44 -99 
-41 92 -85 41 71 82 -46 99 26 -6 -72 -94 74 -100 50 65 97 2 17 6 14 -51 41 -28 36 39 92 -69 -16 36 -56 98 7 -61 85 40 19 -20 -40 -35 22 36 50 80 -58 26 -69 53 -85 92 49 39 99 32 -26 78 66 -14 -31 -56 82 91 54 39 -40 82 -72 -51 60 -98 3 -59 94 76 57 -42 -38 83 31 95 -86 76 67 -22 -29 4 -86 -12 -33 -73 -82 44 -43 -9 57 -25 45 43 36 -65 
94 33 -63 21 45 -78 6 58 -28 -93 -18 64 88 -51 64 -25 -58 61 70 -67 88 100 -57 73 -15 63 5 100 61 74 43 64 -33 -44 27 54 -30 -27 64 -78 -72 -61 -28 18 -15 95 -91 -67 -53 -46 64 96 39 -27 72 -56 27 98 66 35 -5 90 62 -37 83 100 -43 -40 -14 37 64 -30 -47 17 53 51 20 31 37 -8 78 49 -81 -56 32 62 56 26 92 67 84 74 80 16 -55 17 -93 -84 1 15 
4 -10 -72 -12 93 94 16 -83 -77 71 -26 32 11 83 -38 -60 -69 7 97 -38 -37 -42 -19 -87 61 85 80 87 -92 98 16 81 -82 34 -25 53 39 -57 30 14 40 -8 95 64 14 54 99 -25 66 55 -1 51 -67 24 -3 17 -2 75 -64 -8 -28 -10 93 17 -15 -22 -29 -32 -74 -11 17 21 -73 52 -68 74 -20 -12 -93 6 -55 -45 -37 -73 84 59 -85 -41 -49 -93 -91 -44 -100 31 41 -88 18 -34 -60 5 
-12 80 -13 -2 68 -38 37 21 -60 93 -26 -54 53 79 50 -8 -4 -25 -82 -28 -61 -30 -23 -34 -91 46 97 -59 69 -90 -23 74 5 58 -40 5 30 8 18 -78 64 -84 -99 -35 -45 -94 48 -45 67 -27 68 43 16 5 -36 -81 52 59 -91 -32 -88 -89 -2 88 80 -13 74 80 74 -84 -31 -20 -4 89 -80 -69 14 -100 -92 12 62 -36 100 -89 -18 56 -1 -70 -10 26 12 -21 -84 -66 24 37 89 36 62 -77 
10 56 -35 -12 -29 59 -17 -84 70 33 -14 -87 -8 64 8 -27 -10 -24 -10 66 -33 42 99 -41 -22 -83 99 -9 61 -52 67 -43 87 -41 38 85 -4 67 -72 -15 -87 -13 -7 -42 -31 49 76 -47 -45 -18 -7 41 28 -34 61 93 -45 -64 98 -80 19 -88 79 88 -22 -29 50 -6 19 11 4 -43 -69 -93 -15 0 45 23 -73 -8 84 -95 14 -68 70 0 62 31 -32 -57 33 69 15 11 -54 -64 50 -95 52 -27 
-11 -40 21 0 -80 26 37 -63 63 -35 -36 75 10 -72 66 -79 66 56 -25 48 75 27 39 -4 29 -31 29 -31 46 11 -18 19 -43 33 -14 -53 -53 84 68 -62 81 14 94 -29 -94 31 -3 -12 -25 -66 -99 -37 50 -71 0 31 -95 -64 9 30 -22 -38 0 -67 66 -79 -57 59 71 54 5 55 12 -25 -77 82 -39 17 -6 -72 -86 -91 97 23 71 -53 16 29 10 0 19 -53 -88 -65 60 39 53 53 78 70 
94 44 -17 80 18 2 -23 -84 36 7 -32 -12 -1 4 60 -24 -71 93 98 43 -81 -5 38 98 -51 -82 -80 -75 -14 86 95 60 19 98 -97 96 54 40 -41 -30 67 -24 -42 -57 -70 -81 -100 31 -68 95 1 65 46 -29 48 -75 17 -76 -62 -37 41 39 73 42 -81 3 -30 -60 74 15 6 70 -62 66 21 -67 -51 -92 -15 -52 70 -91 -94 -30 6 -57 -56 18 -79 -30 -63 45 91 -17 95 -85 -26 -58 -87 -52 
46 -91 4 -22 46 16 -8 -23 84 -58 98 -32 -74 -20 2 82 -79 38 -24 29 -5 -7 -16 40 59 0 67 -5 -39 -62 -96 -81 57 24 -97 61 8 18 -25 -44 -27 -15 -83 -38 -66 -9 -93 29 80 14 14 -36 79 98 99 74 -47 -17 -92 83 -80 32 70 -91 64 -55 -64 37 -50 29 26 41 -89 -79 -37 34 -19 100 50 -46 54 -77 -58 -20 99 29 85 94 -38 85 -74 -47 9 -50 78 -4 -17 -37 72 65 
7 6 60 47 -78 -59 -5 -23 -90 72 -76 79 39 -25 -12 61 -3 -27 55 -93 11 -24 -44 17 -10 -61 -4 66 25 99 -86 -18 -49 83 78 22 -73 79 -24 -96 13 -62 -40 -2 -93 -69 97 -80 -9 1 -66 81 -90 -23 -65 88 -2 -90 -66 -67 52 -28 -93 49 77 -12 41 -39 57 19 24 -78 0 -75 -18 49 77 31 88 -92 -76 57 22 -17 18 -43 53 -96 -4 -100 61 4 7 -18 10 56 64 82 82 60 
28 33 89 27 -98 17 -15 -54 -53 -75 79 26 -36 79 -80 -25 27 58 -45 -12 -55 -71 100 -83 -11 -87 82 -74 52 10 18 -88 33 63 96 -90 -78 -23 98 -79 -1 31 -4 -58 26 -78 50 -52 -76 72 -93 25 -61 -59 29 66 4 -91 40 15 -30 51 -91 47 54 26 -7 59 70 52 30 -26 94 51 64 66 86 68 64 -99 -40 -58 -41 53 19 -59 50 -85 -38 56 -47 -25 -14 68 31 96 -9 -41 -18 23 
21 26 79 -1 35 52 -22 51 -44 -21 57 88 -64 50 -73 -69 -83 -47 -68 75 14 -47 9 -18 52 41 81 -34 27 -17 95 15 -47 17 -14 7 -88 -47 -61 -44 -100 64 -18 -40 53 -25 -47 -18 -33 8 -97 -57 80 -34 -75 27 81 -39 59 54 -35 -61 -43 29 -74 -39 -63 -3 23 3 0 41 -49 -17 86 49 54 3 -65 49 7 94 85 20 82 71 20 -17 -86 93 -39 -60 -45 -21 -93 61 -87 76 28 -98 
31 5 76 -93 -69 -71 -22 8 -5 13 -85 58 87 58 -97 -51 -92 54 32 97 51 20 55 -96 33 -72 64 6 52 -79 58 -76 -27 -73 -26 -14 -3 99 -17 -37 38 -13 56 90 -18 62 -39 92 6 14 64 -54 35 33 86 -74 -36 -24 0 6 -45 -90 -35 -69 80 -29 -87 63 49 88 -100 61 60 46 75 48 57 23 8 100 61 21 33 -88 -86 -7 -40 22 52 82 7 61 30 -32 60 15 20 67 -98 1 
-29 15 -68 -27 22 -16 -47 83 -82 28 -70 -14 -35 -76 -45 -4 78 76 -8 -29 92 47 -98 78 -26 82 -87 79 54 53 -36 94 -67 -45 -69 81 42 -75 -15 -64 91 14 21 -62 80 13 64 -16 50 -7 72 -41 4 -33 9 -89 -6 -76 93 -27 79 44 -13 56 67 -62 -82 -2 -38 90 84 -58 59 32 14 55 -93 76 -67 -48 -57 -5 -86 -21 -74 77 3 62 14 91 -6 -69 79 9 -99 15 52 -93 -25 -48 
68 18 -84 38 -69 91 -65 35 -98 -55 26 43 -42 -66 37 -57 -83 -18 24 23 15 81 85 -26 26 57 -86 -1 78 -22 -12 -26 49 58 99 34 -64 89 -15 81 -86 50 30 85 -10 -80 50 64 -79 47 10 -94 92 76 51 -13 54 56 -23 -24 -29 59 -69 90 22 -7 30 -92 71 52 49 9 12 31 -95 18 81 21 68 -17 -21 37 -82 -90 -35 76 -77 64 73 37 76 73 8 61 11 -96 40 99 -24 -86 
4 18 38 83 -98 -38 46 -57 60 82 30 61 53 2 -58 6 92 -98 41 6 -20 -78 -7 73 -60 -25 15 -61 -34 -63 72 0 -31 55 -47 -15 -44 5 -85 6 77 39 71 -42 -45 -83 73 -99 -62 63 34 -3 -85 62 -76 -54 -67 -71 -96 -61 98 -12 -22 86 -100 12 58 88 -92 -85 -71 -62 5 -61 -54 5 38 -42 57 -78 -72 50 25 49 -97 66 -57 6 26 3 29 -61 64 70 51 59 -25 -3 -24 -64 
-90 76 32 79 21 14 -46 -48 41 -96 -19 79 53 75 -61 -28 -80 -52 52 -54 30 66 -17 -14 -27 -79 -84 34 7 81 -52 70 94 -48 15 -100 3 38 44 77 1 70 -82 31 -33 66 -100 -71 42 -48 95 59 -93 -30 -9 99 91 -13 51 46 72 -29 -44 -2 -34 69 49 19 -63 -8 73 90 69 95 21 100 -80 -88 96 84 -69 33 -26 -15 63 -37 -36 96 -59 6 59 61 -25 -89 -84 -69 88 62 98 28 
-34 -42 75 -65 38 15 52 -54 -36 -20 94 24 -44 -72 -100 76 71 -56 53 43 40 41 -91 46 78 20 38 1 -36 -2 91 -9 11 13 -72 -61 -6 -13 -48 -25 -70 -84 -65 -86 79 -48 46 11 84 -27 -96 85 -62 16 -73 51 71 44 -62 31 -54 56 -8 68 -26 78 81 90 -61 89 -38 0 -58 -14 50 -34 -10 53 -20 -53 -54 -74 -84 -16 -46 27 -41 -55 -78 -47 52 67 8 -83 63 -74 -3 -6 71 -99 
-96 14 91 -96 -3 -99 -18 19 -77 24 -78 -21 -47 -42 -89 -100 44 -36 -99 94 -1 -87 55 53 -15 -95 -4 87 -34 81 74 7 48 35 -53 9 -51 48 40 91 -92 -66 -8 -87 65 -57 -77 -22 56 50 6 -66 -7 51 -45 96 42 65 -46 -72 48 -12 43 45 -71 46 -24 -63 -98 -2 77 -76 -7 -4 -74 61 74 -68 -30 94 72 83 -98 -77 27 72 -39 -35 -58 -71 75 -23 -22 23 26 99 -31 -65 -18 4 
-91 2 -51 64 -88 -43 -15 91 -68 85 76 82 -84 17 80 -79 78 50 10 -56 -27 41 -72 -87 41 67 34 -72 35 18 -44 24 16 -8 -40 -4 75 -27 52 24 -12 -90 -51 -11 -14 12 -56 -52 43 34 20 -48 40 25 46 -34 -28 9 -63 27 22 -85 56 -23 -42 77 -99 -77 18 -99 -26 -65 -24 -29 1 89 25 -55 -41 -65 2 -14 -73 38 38 34 55 82 -13 0 19 20 80 -49 -75 80 61 55 93 -41 
23 -85 -7 -62 -37 -58 -36 12 60 84 4 61 -43 -7 -80 38 -73 -42 11 21 71 74 92 -88 7 21 -64 -37 93 75 73 -79 37 -56 -1 67 -74 -9 -55 -97 48 85 -50 -31 -51 -27 -22 37 26 0 -12 48 96 82 75 83 -51 -12 34 49 -10 -84 84 7 23 39 -61 65 -69 39 -36 19 -57 28 95 -36 0 -93 21 -87 7 -63 -58 -41 -85 -67 99 11 -31 -9 67 92 -11 -46 -25 -83 -29 2 -73 -32 
-70 57 55 -23 29 69 -93 54 68 -73 44 -25 79 -57 -23 89 86 -32 25 -13 -64 72 -89 23 56 0 -19 -19 -77 41 80 -20 76 -94 46 77 -42 -94 -10 10 -60 -58 79 7 -27 17 23 -37 -54 68 -27 -80 -81 65 -16 80 -21 -74 23 91 -57 -79 -30 -4 88 43 25 -93 26 -38 42 85 27 37 -98 -58 82 35 68 -31 1 -76 -11 -36 96 -97 -67 -83 -93 88 97 -55 33 89 47 8 -92 -90 32 -17 
-27 -46 93 21 11 -69 -42 79 14 35 41 -16 -22 -35 -30 -17 -30 57 -63 91 3 40 73 12 76 21 49 -54 79 44 -50 -5 -38 17 -91 29 -6 -12 -75 69 49 -95 98 10 -50 28 97 -12 -50 -58 -87 73 54 16 -17 -57 -27 37 70 -64 25 56 56 -28 23 -27 22 -78 39 -3 12 68 -81 2 -93 48 -89 35 -96 72 74 73 -31 -41 -32 -66 -15 22 29 -25 83 -93 -97 -24 -94 -97 -56 20 -42 38 
-21 64 -40 -87 -14 -3 72 82 74 82 -59 -84 -69 -60 54 80 11 -57 60 -32 -53 58 53 64 15 39 64 97 -43 -36 -42 -95 -94 43 -78 89 80 -11 -19 -38 44 84 73 3 -12 -29 -92 -32 25 -5 67 59 -48 -26 -33 -3 92 -17 -77 -59 32 52 -76 4 79 37 13 21 -94 44 57 -38 65 -67 -46 52 58 93 -16 -91 86 22 -25 14 6 -57 -6 -91 37 -41 4 10 -76 12 -86 3 -84 -55 45 -15 
-94 -93 54 -93 88 27 -100 -14 83 0 -25 -65 1 98 55 96 66 19 68 -41 -24 -40 11 -1 -36 100 39 1 -45 20 73 64 -62 77 -28 -55 -45 -36 -54 80 -80 15 -63 6 94 20 63 -45 41 93 -86 -15 11 52 -74 -71 -57 46 28 -20 -54 7 -76 89 -65 0 3 29 -71 -30 -75 -20 45 60 92 -35 -13 95 -85 31 90 58 10 50 28 58 -84 -42 26 -34 99 -17 -62 -35 -17 -70 43 82 49 -83 
-34 -50 -55 -78 -27 -18 99 -100 84 -49 80 -34 -50 -41 -43 45 60 20 -4 -29 -86 -56 43 65 33 -4 -95 -36 -89 13 65 17 86 -56 92 35 35 33 39 72 -16 -35 -71 -34 -100 -73 84 20 28 -62 -36 27 91 97 -63 -100 63 41 -28 -55 -73 30 78 -99 25 95 -13 -60 70 10 -19 78 -52 -41 -77 83 -24 -40 15 2 90 -33 80 -3 48 -65 44 -53 -23 29 57 45 -25 44 80 71 5 50 11 -54 
-29 -93 90 89 70 12 22 4 46 -45 -16 -9 16 85 8 37 4 -21 -38 11 -48 89 -78 71 -98 29 -31 -2 -61 -50 48 2 -13 -60 -24 24 96 -35 79 -27 -81 -41 94 55 36 55 -68 -30 -69 27 39 -29 -55 -70 -90 24 31 -72 -67 -91 -35 85 69 -58 1 13 77 25 -1 83 82 -13 -64 -58 26 41 64 -12 -35 -15 64 -10 -22 -24 93 -1 -2 3 8 -74 -73 14 -67 62 -9 -78 -42 -66 91 -12 
25 63 31 -1 -10 44 -72 -76 -8 -96 57 -9 -77 38 -59 -1 73 93 48 -82 -50 62 -44 82 -53 -17 -2 -23 57 82 -12 -51 -44 32 9 42 11 4 -75 84 82 -1 -40 -34 -57 -5 80 82 55 44 70 -39 -24 -71 35 -46 -82 -86 77 95 8 -81 -13 -94 -23 29 -15 -42 -72 -89 -46 -73 65 -61 -52 -98 92 -68 26 49 -87 -6 -68 32 64 69 61 -95 -45 26 -11 22 67 91 47 -2 -86 50 -9 70 
-63 33 -67 98 29 -26 -4 -47 -19 -18 94 44 65 -88 -42 67 58 -24 28 87 -8 0 -20 91 22 -34 -52 35 -4 5 -5 1 5 -84 -50 71 -62 -36 67 64 -26 -13 -77 -42 89 -55 14 -100 62 -7 -81 -95 -15 -74 79 -26 -19 -18 -82 -88 92 76 53 -29 -59 -6 73 48 18 11 19 85 19 19 53 -22 71 -2 -47 79 14 30 68 -75 47 -8 -75 75 69 -100 -65 -39 -37 36 96 -81 -37 -1 -35 -60 
-30 -83 -95 -14 78 50 5 -92 63 64 -61 65 60 67 -81 -8 -58 50 93 42 -59 60 -68 -2 21 18 74 82 -32 26 -82 -76 -5 -60 63 71 -41 41 -96 -62 99 69 58 -1 -24 -18 87 -50 80 59 -34 -30 -6 67 47 -75 -18 62 -7 4 -69 -69 -8 -38 41 82 -90 60 29 76 -58 -24 -10 16 -64 97 94 -10 -14 7 4 -55 8 95 -8 65 -9 -93 7 35 -3 -4 -33 63 -79 6 53 66 78 -9 
-33 -49 23 99 19 95 -75 -3 51 11 20 -38 -40 86 -73 -27 -82 -24 24 38 -42 -89 55 -71 -49 -64 -24 16 -25 90 -28 0 6 -72 -70 91 100 -71 17 -17 9 -77 -27 21 56 -24 -22 -54 -87 1 -87 89 60 40 -27 48 39 -57 90 55 10 -100 -6 -48 -90 -1 27 76 36 22 11 94 -9 -10 57 -99 51 4 -100 -53 -20 76 -46 26 48 78 -56 -68 -25 24 -77 -23 -19 36 11 -13 -64 73 68 99 
-23 -46 -35 -62 57 62 71 -2 -76 63 44 -1 30 64 -44 -73 82 71 59 -8 -14 -74 54 -16 15 27 99 -29 32 76 74 75 2 -6 78 -16 -52 -3 12 -7 56 -57 31 -5 -62 -13 -81 14 43 90 99 24 -77 -27 -26 84 -21 40 -1 -19 43 -1 -1 60 82 10 37 -40 -55 -24 -21 9 -14 32 -48 -53 31 -14 -36 -44 -96 11 -53 -5 -43 -6 -36 -46 -50 -33 -77 -20 54 -85 -6 -32 11 7 -69 51 
56 -11 -38 -23 98 -89 -42 56 -37 42 54 -48 0 -98 57 -82 48 -76 -18 2 3 55 -87 -68 -34 75 20 -14 37 -18 -17 -94 -46 -94 -75 10 -33 -89 94 18 99 28 12 97 93 -88 -74 94 20 -77 -44 24 85 -20 -2 -91 69 -58 17 -39 76 25 -62 86 31 60 -94 -72 -91 -18 8 44 -17 -74 83 -100 54 -76 90 -71 96 -12 -91 38 8 -25 18 -89 48 7 -78 -93 3 -9 81 66 -55 -3 98 -43 
37 0 31 70 58 -31 12 42 -48 70 73 44 69 -3 -51 -17 83 -33 80 -66 -20 30 -58 -37 99 -90 -26 9 37 -32 -56 45 -67 25 -26 54 -87 -62 38 -82 -70 80 -93 -8 -100 -49 -2 2 67 44 -95 28 80 -50 -80 97 8 94 -34 40 -20 -96 33 93 -82 78 -31 -22 -72 -33 -17 -68 7 -4 8 76 -19 60 -77 -35 97 -75 -50 26 -6 -40 -70 -35 6 -39 58 0 54 1 95 -79 9 24 2 38 
-25 -9 -33 -25 0 67 62 74 -25 73 -49 -9 -84 53 -70 -46 94 -8 -59 44 -86 82 -93 66 -83 -31 -61 -81 21 99 -29 81 -63 -34 -64 25 23 41 -55 -17 79 -27 -78 32 -87 -7 -71 43 -61 -36 -43 -11 39 18 -74 7 -100 -84 -58 -41 -77 -71 -61 -90 66 84 -11 96 77 -16 53 -36 14 -71 -90 45 -38 69 -64 75 95 -45 -40 -39 -78 -37 0 55 -9 77 -60 -19 34 -75 -27 34 -27 13 -95 10 
-5 -98 -20 -3 71 84 13 -84 -16 10 33 -35 26 -24 69 84 -15 50 62 72 19 30 26 -4 -59 70 -93 20 -55 -3 -75 85 -29 -11 10 -14 80 -20 -12 97 30 83 -26 11 -68 -65 88 -29 -65 15 -23 -30 23 -32 55 -27 43 46 45 78 -1 68 -34 57 55 -55 0 39 31 -4 -27 37 12 -82 11 72 34 83 -9 -34 -65 23 -41 21 -73 -88 -62 16 97 -88 -65 -14 95 -7 61 -3 51 48 -64 42 
-96 -36 -41 -42 -1 -73 -75 -79 -36 -37 48 77 29 48 -21 27 4 32 51 93 -71 51 81 50 22 -64 19 30 83 -89 -53 -14 -5 19 -56 -45 -8 -36 43 -54 -52 41 69 12 -42 -45 80 -51 90 -56 13 30 -86 -63 -84 -15 47 -64 64 -86 -31 89 36 -49 34 1 -4 -26 -84 -8 89 -63 9 85 -79 86 26 -49 -57 -70 -47 2 -86 -94 -100 18 65 -54 24 -69 63 -44 -27 -6 -94 82 -92 72 -34 -41 
93 94 -25 -30 -12 76 95 -47 12 48 36 56 -20 -2 -56 7 90 35 38 -90 33 -9 -15 -47 -55 28 25 61 94 -79 28 23 81 50 78 -45 58 -34 -49 93 97 -93 -90 78 -82 13 -70 71 45 65 21 -70 45 66 38 -70 71 -55 -95 89 20 77 -10 -2 13 46 9 27 33 -43 98 -92 68 -96 30 28 -56 23 52 -83 94 20 -65 -100 -26 -66 12 -52 -56 93 16 63 20 -88 43 97 -16 -95 72 -48 
-74 46 -1 -2 -46 -38 8 7 48 1 -33 35 -71 -82 47 91 71 -79 -23 -5 -6 69 72 77 -75 -54 71 17 93 5 -32 -54 -49 94 81 43 -95 -28 40 -94 -26 68 45 -19 94 15 41 94 18 -6 35 46 13 42 -3 -87 38 -42 -10 52 23 -94 -50 66 31 -41 60 -58 -18 29 72 90 12 86 -49 82 -32 58 -24 -77 75 40 83 75 83 -13 25 -19 -35 -51 -31 -16 -69 -83 -13 -80 41 -90 43 -29 
2 55 -95 86 84 -53 -15 63 30 -80 -63 2 78 -32 69 3 -76 35 98 -45 82 -11 -89 41 -56 18 -6 30 25 -78 72 -31 -45 67 16 11 -66 -95 38 52 -39 -38 -36 -16 98 25 -100 48 -88 -85 95 -90 -63 84 67 -48 -8 49 4 98 78 62 -91 87 -33 -23 36 33 82 -75 -27 28 -45 74 16 -2 -18 16 56 33 4 -92 -26 -84 75 21 67 -45 -47 83 55 -54 -97 1 96 -94 -7 5 36 85 
48 40 61 42 79 -68 -53 -11 1 3 -12 100 -14 -80 66 -22 -42 -90 68 -72 -33 70 63 -31 -18 58 81 -67 -28 45 -94 -88 -38 48 -99 -3 15 -26 26 -79 -100 -3 -92 -45 96 99 -9 39 -31 53 35 52 -28 71 -79 -82 -24 11 72 83 -27 -13 -37 -2 -16 71 13 -91 -63 -68 70 85 4 -33 -95 -99 -77 26 0 37 -3 0 98 -11 14 12 54 -61 67 -43 49 -27 -13 78 28 -2 -9 -38 89 89 
-1 -39 2 -68 -22 91 -28 -37 3 29 -57 46 -19 -64 -30 35 89 -87 40 72 -91 99 -47 66 -11 50 33 54 84 -47 -95 21 -34 -32 18 -71 -76 14 -27 61 73 -13 -83 14 76 -45 99 -78 -43 64 48 49 20 61 39 53 76 67 -1 45 -95 -76 98 -42 -29 -31 -57 -5 -46 67 74 -1 -86 43 62 32 97 55 -54 16 7 -77 -98 97 69 -59 -77 88 34 87 63 -37 -28 89 -22 -24 4 -53 -76 -13 
-87 91 48 -67 -10 93 -78 -40 -40 -41 23 3 -52 -11 73 71 -53 -56 -33 -29 -77 -91 -15 71 16 -71 75 -31 -67 76 100 -32 22 -84 -44 -28 -34 61 29 9 56 -81 -85 -64 59 83 8 99 96 -3 46 21 -63 -53 69 56 -8 81 -15 54 25 -46 3 -82 25 48 17 -5 22 17 50 93 -10 65 43 -30 -27 -2 -50 95 32 0 69 -43 -84 -79 99 -75 73 51 -74 49 -73 33 70 49 -71 82 20 50 
93 -31 26 77 32 -86 75 99 -2 -66 -7 -92 46 21 -34 -92 18 -78 45 -92 60 11 11 -28 -80 -8 -3 11 23 -88 45 96 81 -94 27 47 52 95 -45 10 -32 89 19 -64 -20 -96 100 43 72 -61 73 48 59 31 -90 -74 81 53 15 75 -2 34 -25 -44 97 91 -67 10 -72 -27 -23 -77 -74 -67 -56 -31 -18 19 -34 24 30 -71 73 -76 -91 -99 49 -82 78 -15 -38 -95 -16 98 3 31 60 46 40 -19 
85 -33 -74 67 -42 98 -64 96 -87 -82 48 93 51 -87 27 -91 3 -5 0 -10 -37 -97 -34 -31 -52 80 -43 -53 -64 25 -68 30 65 27 -96 -20 -20 -19 25 -28 -14 -10 44 -90 -14 8 25 56 -2 98 -99 7 22 -28 28 9 6 98 -30 -14 8 -35 57 39 -24 -24 33 94 28 -73 42 -9 97 -20 -82 39 -58 -36 -72 70 -49 -83 47 -65 51 -66 -61 39 55 20 -91 -42 52 37 45 -26 64 44 -40 12 
-48 37 63 -8 -67 -56 9 58 100 95 -60 9 -46 35 -14 24 28 -16 25 60 -82 -32 70 76 -3 -77 -81 40 -93 46 88 43 -34 38 -40 -23 -7 74 -51 22 18 -78 -67 -43 -89 -94 -55 -12 37 100 22 -24 88 85 90 30 37 -52 -47 -65 -25 -53 -19 -64 -44 -39 -33 -82 -10 59 18 11 -17 41 -60 -54 -29 71 -18 -52 -99 91 60 0 60 18 -69 -58 -46 -26 73 -39 -37 -62 63 94 -73 -8 53 34 
-24 -93 -14 90 77 48 -86 34 22 -53 -61 8 46 66 -65 -35 -28 -68 -18 -47 -18 -53 -19 74 -37 30 86 -70 -36 99 -21 -83 97 60 -31 88 -29 44 40 63 -100 17 6 66 -11 33 68 41 10 -17 35 32 -92 -3 -1 -99 -6 -23 -41 26 -20 -58 72 100 -14 51 65 23 -42 66 11 68 -21 -39 95 -88 65 88 56 12 99 36 33 99 65 8 48 -57 -5 26 -82 -100 47 -15 11 -16 -29 42 52 92 
9 12 9 57 -36 -68 16 -17 30 -15 -97 98 -44 -26 -29 74 -73 78 -8 -82 -20 78 -40 100 80 7 54 10 93 85 -74 26 -73 68 -78 -92 27 27 -70 51 96 90 52 -20 36 7 29 16 -34 85 37 -85 5 -46 22 75 74 -91 -6 27 -31 44 31 56 -16 3 66 31 -45 2 -36 -63 35 11 -21 1 -12 26 84 -88 -1 -33 89 -94 79 -37 -6 -90 -58 41 71 -32 -39 -13 51 -19 24 -19 16 87 
-47 -20 40 64 -78 -18 34 84 6 -49 31 -31 29 -78 -15 -65 37 -66 -16 -56 79 78 -23 46 -8 -38 -56 -33 -19 -78 34 -35 23 59 26 61 -10 20 22 -86 78 -87 -43 57 -55 70 25 -89 97 74 69 75 -53 -3 -12 -3 88 58 -86 17 -53 75 46 81 -42 87 97 -54 -65 86 -38 -15 -45 65 -13 52 92 21 -53 45 -34 23 40 56 2 37 79 84 -43 -47 -49 -48 -40 30 4 -10 49 82 74 11 
-76 -62 84 -68 -54 -1 71 92 -49 -14 42 -76 -60 55 79 -4 26 -66 11 25 8 -35 -36 -23 -75 87 -96 11 26 -55 85 -24 -24 19 -47 -10 -5 -12 23 -31 5 34 71 -12 68 77 52 -13 100 39 -31 19 -48 71 -40 -65 -49 -33 95 13 24 -95 -60 88 54 -23 15 11 -59 -75 -91 14 -61 -67 -17 -78 88 -92 -17 -60 85 -42 -54 -67 10 15 39 -19 98 78 53 34 42 50 52 -88 -69 -54 -55 82 
76 73 -98 71 -49 89 -66 -4 22 -8 -63 87 94 39 -80 -74 -93 -45 -97 -71 3 86 -95 -54 72 25 73 47 -70 5 57 96 -46 -32 -79 89 65 -59 9 -12 -30 -87 -68 -66 -79 48 82 6 -49 63 36 86 64 83 -51 -90 34 -65 29 64 81 -43 73 51 20 83 -59 65 62 75 -59 -5 94 78 65 63 62 21 -22 3 31 -37 -21 -79 71 41 91 -38 -33 -58 -26 9 -99 5 -64 52 22 -93 -90 -30 
-40 -50 30 -83 -48 27 -77 20 -7 -43 -11 17 -87 -68 6 -73 35 77 -70 32 27 -75 43 19 59 -72 25 -63 74 85 -21 -26 -9 -54 1 46 14 -27 3 -26 -54 -45 -90 -5 29 -59 89 98 -3 -5 -78 41 -87 51 -80 53 -82 61 -76 -59 20 45 89 -27 -15 -54 -52 53 21 93 -76 84 65 11 32 -8 -22 27 94 -32 -32 -48 -24 73 59 -90 -59 20 24 -68 84 70 -86 22 -9 67 -93 92 60 19 
-93 -14 30 22 -83 68 57 -40 -46 -97 -48 -33 48 17 60 14 17 66 86 73 46 -59 -95 49 97 -81 54 86 64 99 -82 -44 -70 -22 9 83 43 -25 10 50 47 25 -48 98 -82 -36 16 60 13 65 30 -31 87 -33 26 43 -94 46 1 -56 68 -16 -60 -68 -25 -36 26 98 -8 3 100 -56 -8 83 32 -94 78 76 70 -11 61 22 -39 62 -35 -88 46 -83 -1 -63 -55 25 19 58 -30 -74 57 -92 -16 100 
-77 -9 24 -94 -39 -80 49 58 45 83 -26 -68 99 -51 -99 -5 -79 31 -21 -45 -87 53 -80 37 98 58 -11 62 74 -40 -84 -59 51 3 22 79 39 -69 -97 -89 63 74 81 48 6 -60 -90 -42 -13 -13 -71 -63 14 -32 -39 -64 -37 67 10 60 70 48 -92 -73 -48 -22 -3 42 -100 -12 64 71 -19 31 74 78 26 69 -11 83 49 1 -93 -57 -93 5 -70 -31 -6 58 -39 -49 45 -52 -31 19 -8 -43 -27 -1 
-59 100 82 49 54 65 64 41 88 -22 3 19 -2 -65 2 41 -40 -32 -5 -51 61 -93 97 50 -8 -95 -17 -59 70 22 86 -4 74 12 48 34 -71 -28 -84 31 -71 -88 -82 95 -28 39 83 69 -54 63 12 -99 12 80 -51 9 95 -56 85 82 25 53 47 -43 47 -63 18 76 48 -1 -46 31 -81 73 -43 -55 88 47 -28 14 -55 62 15 45 -15 53 18 -1 -75 -62 -15 18 -38 34 85 -88 13 53 22 48 
65 -69 -32 37 -38 -10 -42 -75 80 3 -80 -16 -1 -56 50 78 44 74 22 -66 -37 91 22 -32 -18 27 27 -100 -51 50 -95 41 -21 97 65 100 -57 80 52 52 55 29 98 -88 -88 -9 50 -79 73 -16 -51 -40 -22 -12 20 -76 23 -83 -84 16 8 57 -14 57 -81 24 -7 45 -5 98 1 90 98 74 55 -57 74 72 -18 -98 35 30 -86 -82 76 -33 40 100 72 28 -89 1 -75 3 -61 76 60 54 -67 0 
13 -42 40 -65 -6 45 29 -33 81 82 -28 12 0 93 -16 3 -81 -47 60 -37 90 48 -21 59 53 -99 -22 -23 57 9 31 34 -72 88 0 -76 -11 11 86 -83 -38 -15 91 33 5 -8 91 71 -91 9 44 96 -24 -84 7 85 64 -6 -47 -58 -75 41 86 87 81 88 31 24 -28 95 97 -7 -40 51 10 57 64 -27 26 91 -40 70 34 -9 4 -19 96 -92 73 2 -37 -23 -68 -57 44 -80 -5 -86 26 -75 
100 -30 17 16 71 75 2 -18 85 -7 -20 37 -21 -89 76 99 92 81 -12 -50 -25 21 -80 -63 96 17 -14 -41 85 -7 86 97 50 -43 -96 -95 9 9 -93 77 -75 0 -67 -57 -3 -76 -26 -99 49 34 -2 88 -33 -27 -50 -12 -76 52 -30 94 -38 -35 63 -79 43 -13 -79 21 11 -81 24 14 14 15 -38 -21 -39 -84 -96 -100 96 50 49 42 69 79 -80 -77 30 74 -53 -41 -8 -10 26 -70 33 16 1 -55 
76 44 1 94 -57 89 -26 13 -17 -14 -5 -88 12 87 -92 79 -21 60 13 -96 52 43 1 96 -98 -31 -37 64 -48 -14 -70 62 -76 -10 -97 -37 72 63 -63 47 -38 -84 84 88 26 29 76 27 9 33 -85 63 67 55 98 -90 30 46 -52 14 74 16 95 -59 37 59 18 51 2 -29 -35 -72 21 3 -34 87 5 4 -19 -96 94 74 1 46 55 -66 19 46 -53 -2 53 -33 78 -9 -21 -30 78 -44 -12 99 
97 -44 -96 17 9 24 -18 -11 22 -95 -86 -63 68 54 -40 -69 -18 12 44 -81 75 74 3 -17 -41 66 43 -92 -81 33 -52 -5 90 18 30 40 82 -16 49 -26 -69 -64 31 9 -40 -79 52 33 -56 -23 -83 75 4 -57 5 -62 -75 -66 82 -39 -28 -33 78 -61 -1 -57 82 87 -74 75 -83 21 -30 -83 -13 14 99 -93 -85 -75 -54 -29 56 76 -13 -96 -91 -77 17 -20 27 32 -24 -89 -6 3 26 25 -36 16 
-36 -92 43 -65 10 -55 28 -98 -47 0 66 40 -78 -18 58 -34 10 -37 61 25 54 46 53 -93 2 24 -76 -10 -18 -70 -18 -84 18 97 88 52 -41 -80 -52 34 47 94 49 98 -11 12 92 34 21 -16 7 43 -28 -41 50 73 14 86 -23 32 6 66 11 -68 82 64 -10 18 -47 59 -3 22 11 74 -96 96 -70 -75 35 -43 56 -27 72 -58 -77 93 -94 -10 99 13 65 62 -95 47 93 42 17 -89 -5 -87 
-77 21 -91 -98 -36 -83 28 -64 -77 96 37 23 30 -79 -76 73 -11 47 65 49 -44 23 -50 -15 18 -90 -37 35 45 -14 59 79 43 58 -88 -91 -30 27 -4 -15 1 -41 32 -93 -8 -49 -88 -100 -84 -27 -26 43 -60 -55 45 -30 15 30 -20 94 10 -94 30 -16 32 0 69 9 -35 -19 -39 -78 24 -58 -55 -83 -28 -21 -14 -28 23 68 -42 19 76 -93 19 -94 18 -6 -17 13 -15 93 17 -33 68 -93 -65 92 
-63 83 69 -55 25 -99 79 -88 39 59 -50 -87 -57 -98 -55 78 -85 84 -94 -89 -44 89 63 1 -18 -9 -83 9 -84 80 -12 -12 -22 42 -46 -39 -70 78 -36 5 -60 -18 -79 -46 74 58 30 -48 -31 -12 -33 88 -22 -47 100 64 56 -57 -71 -8 79 20 14 -34 59 36 -73 81 -84 -14 37 95 -70 96 64 33 41 10 -70 29 99 39 -26 -46 -73 41 -1 31 92 -48 64 80 3 -11 81 -55 -67 6 -14 23 
-71 -72 -2 -55 69 75 -71 32 -26 86 8 61 -32 -57 -24 -47 -50 -40 75 -65 -77 -78 18 -75 10 86 21 45 -21 14 -71 5 15 -78 -24 63 34 -43 -24 40 16 53 55 -55 -56 -80 -32 68 -58 -14 22 36 73 -94 -93 -36 58 -71 82 -94 80 -78 44 -64 39 -90 -12 95 -2 88 -41 -62 59 -40 -5 -27 25 -6 -19 -80 -27 83 -74 9 -33 16 -74 14 -40 48 -65 -69 51 87 -90 -64 33 49 -56 -15 
90 34 88 -61 -29 65 88 -13 94 74 87 -1 -5 53 -75 -28 53 -34 37 54 34 13 -75 56 90 -86 66 36 73 72 -33 -64 -91 85 19 87 70 -44 69 22 74 27 -76 86 -77 25 66 22 -59 94 -95 13 60 -81 88 -59 61 28 -78 -83 -38 -11 -47 -80 64 66 16 -72 34 7 99 65 95 -27 -54 67 49 -95 -84 22 84 -70 21 -12 69 -29 -29 74 40 18 24 -79 -17 -14 -37 33 -9 7 77 -82 
93 -62 15 68 -94 8 -71 -34 9 12 31 -25 -66 -86 16 -8 -63 -90 81 -78 -90 53 -58 -71 13 77 -96 45 -28 -26 12 -43 98 17 -56 88 -4 -32 -80 -40 -8 86 100 30 65 36 25 -82 -95 51 -37 -63 -14 26 -79 16 48 26 43 -68 32 80 0 53 -84 -77 -67 18 58 32 -35 -94 -81 8 -82 59 35 -5 -10 -49 -61 -37 69 37 -92 75 7 -74 -22 14 -45 -85 6 40 -40 -28 98 -5 -88 -87 
-46 14 -46 67 -19 82 9 -95 -1 96 56 18 72 1 -19 -14 91 1 -33 51 -73 -5 -40 20 4 49 -17 60 -73 64 -27 -41 28 -83 -44 -70 -16 42 62 42 -53 52 -18 -13 -82 -32 5 -9 65 58 31 100 85 16 42 47 -17 70 17 -89 66 -45 86 -80 98 -13 2 -52 -85 -74 43 30 -65 56 -4 18 33 5 -7 -85 17 -65 74 79 75 60 -9 -3 9 38 85 -97 78 -65 -15 69 -33 71 75 57 
22 80 98 -63 -22 7 -17 45 -19 93 81 -23 -54 60 45 79 -58 -47 -92 94 -84 -66 -53 12 8 66 -45 62 -12 -71 -98 -11 34 24 66 42 -67 76 -90 47 -8 11 -64 -17 95 4 1 36 -18 -45 62 -93 -26 -52 47 -84 -53 -63 59 -58 -56 -77 -58 70 53 23 41 -93 -42 -56 -77 62 100 26 -41 28 -17 -96 -96 -69 5 -51 92 -60 32 -18 61 31 -58 96 -61 -47 -9 39 53 -92 -71 -54 -53 -56 
37 67 52 -68 28 -47 -49 -67 6 71 78 87 95 43 74 40 -90 33 99 -27 23 -81 47 -73 -90 27 54 -34 -40 -57 -6 30 -94 -42 -15 -17 -86 26 66 91 77 -55 -81 24 -48 40 59 -72 85 -71 -1 -89 -66 39 100 -23 30 33 88 45 -21 73 -81 -23 83 90 -28 -39 -60 48 -2 83 -4 -79 -85 76 52 -58 19 -89 -99 -9 4 17 -56 -75 61 -88 -81 -19 -16 -49 -79 38 -73 -27 -75 44 -59 96 
-98 80 27 -92 -68 -31 -4 -69 89 -57 -42 0 33 -9 -16 53 -30 -95 -99 -74 19 98 49 -11 3 -35 2 -63 -64 -35 -33 3 83 73 -15 56 -60 -65 73 67 -87 -97 66 -3 23 20 37 28 21 19 -54 74 23 -31 -55 -2 17 -71 68 -7 49 39 25 13 86 -36 26 -55 24 43 31 -92 -55 -81 -75 -75 13 -100 8 -9 52 32 96 99 51 -51 -36 -74 19 30 -8 23 -91 100 29 70 -77 -22 4 40 
-75 -87 -26 -59 -65 78 -37 -15 -16 92 80 93 -58 43 -13 -55 -12 19 36 15 -38 -14 1 -6 56 -16 -81 53 -37 -24 -82 -70 -48 -82 16 88 9 64 -46 37 33 -55 -28 92 6 50 24 77 -81 30 -9 85 15 36 12 -26 -88 -71 60 5 25 -25 33 30 -42 35 -96 -8 -25 -68 69 18 2 -73 46 -12 -73 -71 44 -39 -76 -62 -83 -62 50 -27 74 -74 -81 15 -39 -54 -96 -9 83 -1 77 55 -49 65 
-87 -90 -35 -100 69 -7 -56 10 72 85 -2 -67 68 -29 19 48 73 56 52 18 -48 -96 -85 -95 32 39 -42 74 62 52 -3 93 -73 -37 -62 86 -97 88 -14 41 88 79 -71 51 72 43 94 -1 -71 43 50 29 85 81 19 -37 -27 -56 -36 78 -71 -19 -95 -63 -74 95 -36 -93 -25 -34 3 6 -53 13 7 -49 -55 -85 66 -76 -100 -72 87 -40 20 -2 34 97 -73 27 -74 71 -54 -30 -64 -26 35 47 74 26 
-15 -16 32 24 -39 70 65 -16 -94 5 -91 25 -70 12 -13 -80 55 61 -55 8 -21 -78 87 65 -84 -74 21 -51 65 -28 -12 -38 64 -29 -37 -34 64 41 -60 -100 89 46 -85 -16 6 -97 -68 21 -32 59 -51 39 -27 81 -90 -14 -22 24 -36 -96 86 -99 12 -53 -65 23 -42 -27 -73 -11 87 -32 -4 33 77 89 99 -32 58 69 -49 -8 28 59 -15 -27 56 90 -83 49 88 49 -2 -50 29 -99 47 -89 13 -95 
18 76 22 5 14 -29 -47 -76 -52 -75 68 -94 31 40 -66 60 70 -54 -52 -48 -13 -92 36 -79 -41 99 63 35 -40 65 44 -79 10 -19 7 -5 55 -67 42 -4 -41 97 -5 -5 -7 -18 -10 39 20 -44 79 -81 82 41 -97 66 50 -26 5 60 -45 15 -86 -25 -37 -86 42 -11 -59 67 -60 -73 56 26 89 67 -88 62 65 -74 81 64 67 97 75 95 43 26 -67 -46 -89 -20 -18 -91 67 -35 97 53 82 92 
75 6 19 56 -41 4 -15 -30 63 3 58 81 11 -25 21 -5 -3 -8 40 66 -60 -20 25 6 61 -31 -91 47 57 64 12 -89 79 -60 -26 58 -70 -91 -48 67 92 -74 69 -77 77 -21 16 23 -7 -34 -86 64 -91 64 -44 9 -2 -32 -6 82 100 49 66 -36 -63 1 -47 -29 38 59 46 -69 82 -97 -17 12 52 93 65 -99 -11 -100 -52 -48 68 21 51 35 -76 21 95 49 -65 27 -43 -21 84 34 -4 -69 
87 71 -65 -22 94 -37 36 -3 -43 -86 -64 -67 -95 1 -71 -19 29 -65 -43 73 -63 -45 7 77 -78 -96 87 95 75 73 -72 -41 -54 46 16 -37 -46 30 -80 -79 32 -74 -16 88 -82 -71 25 31 -33 19 34 62 82 -21 17 -94 46 -90 99 61 -5 -11 68 -77 -80 -4 85 -77 -51 -37 -55 -66 -30 -82 -12 -52 -21 8 -52 -19 -79 -88 28 93 22 -92 59 -54 72 -16 58 -41 22 -25 -55 8 -33 22 33 -80 
-37 -83 -52 93 -30 -61 -33 -42 -21 48 -92 -88 -10 -85 -32 -62 -61 13 -26 90 -41 50 41 -26 -92 41 -53 -74 38 -45 -89 17 -30 10 -87 28 -96 66 57 57 -65 77 -66 -36 13 19 69 -45 44 12 -54 94 20 -82 -49 53 44 12 -53 -39 -25 15 -76 -85 -52 -46 -50 -59 -72 -67 -65 -84 -46 -12 17 81 -29 -26 13 -16 -68 49 20 -6 36 -47 -67 -54 -69 88 1 15 -76 26 16 36 65 0 -16 21 
38 44 14 -34 -41 30 -67 43 -47 -49 -50 -36 -11 9 -36 96 53 -43 85 -89 -69 48 37 19 -84 100 10 8 76 99 95 31 22 31 39 -78 98 99 77 60 13 83 -14 67 -55 -93 81 -4 26 4 30 48 -57 65 -80 1 -12 65 -3 31 66 65 -85 46 14 -88 -41 -12 -5 96 -75 29 -91 -51 -58 -16 4 -40 6 -42 34 -14 -66 -92 -78 -86 -16 -40 -44 -87 -54 -76 77 -57 -37 68 43 41 26 -27 
84 99 0 78 68 -47 -59 91 31 -16 -9 0 4 -18 -71 42 15 4 56 2 13 83 -69 29 82 -88 60 74 41 8 25 65 89 -73 18 35 42 10 92 30 82 13 84 9 69 57 64 81 -16 -56 35 -22 -41 40 -100 75 -7 -82 -35 -89 54 -97 -17 -57 49 4 -65 -27 -54 -72 -53 3 -26 87 43 -33 79 -94 0 41 -16 -94 15 -41 49 60 -22 16 79 10 -69 94 7 55 8 -80 -99 47 62 -39 
-41 -68 71 47 5 93 85 -87 30 50 -42 -91 -21 35 -71 -67 60 -46 79 14 -27 -15 69 -63 74 -80 0 -33 -33 -41 54 -49 -74 -25 68 -88 -42 -66 -71 44 32 -54 91 -61 63 -100 73 14 -91 9 100 27 -41 -1 -5 27 -28 -31 20 -81 -48 55 98 -38 64 48 0 -10 76 72 -58 -41 -3 -58 -93 41 -21 -98 57 66 54 -32 14 71 -99 -59 -48 -54 16 -87 -36 91 -92 40 42 -37 -38 32 -80 -20 
70 53 96 97 -61 59 84 -47 51 -5 1 47 -28 -63 2 -93 -90 -32 -9 -58 -19 -75 -38 52 -36 32 79 -87 -80 32 -75 74 84 58 36 -54 -1 -3 -79 -61 45 78 -11 60 15 72 14 3 35 -29 -26 -38 -19 29 69 6 70 98 -49 -36 59 -36 -96 -100 97 6 -85 32 -27 78 88 15 87 -91 -95 6 -72 -48 62 -35 -88 -62 -2 -87 -51 73 98 21 -78 91 79 -50 -94 56 16 74 -45 -96 80 67 
39 -92 70 66 -69 25 -57 79 0 -35 21 -24 50 -40 -14 -56 45 76 -65 -89 30 -9 -60 26 -36 82 94 13 -72 5 38 69 -53 -16 41 66 -3 -51 -26 -53 -41 1 25 -34 36 31 -7 -14 42 28 36 97 -96 -88 34 -11 -3 61 66 -74 -6 32 -78 61 24 1 -40 24 32 19 -44 12 17 92 9 65 -24 31 41 -100 75 -52 -34 -66 -98 90 -65 8 -22 57 -29 48 69 -5 66 51 -64 -76 19 -76 
79 -44 71 41 -31 -92 -56 -54 19 -50 92 96 -39 -1 57 92 89 -57 68 34 -78 79 -14 52 26 -39 78 -4 76 -47 -100 20 43 -10 -82 37 -5 15 52 -70 50 -95 56 36 86 33 32 70 14 96 78 -61 -19 -63 93 55 -44 -51 81 21 12 -71 -92 -69 -88 92 -94 24 45 -45 51 -87 30 65 62 -73 33 -44 1 -23 21 -49 -75 88 97 74 -42 78 55 51 15 -93 99 -45 -83 -20 -85 16 89 22 
2 65 9 77 -26 16 64 50 -14 -61 -92 -50 -96 24 45 -80 -22 -5 86 24 14 34 52 72 -4 17 7 -38 -6 -47 -11 37 48 -27 93 23 13 96 17 -56 -95 -15 -100 -94 46 97 16 16 74 63 22 -98 -100 73 -52 -56 -62 49 46 -73 -15 -17 48 28 -85 77 -31 -88 -28 -12 16 61 -9 85 88 56 11 -52 -93 -64 19 -13 -41 56 70 -1 7 -56 76 82 -63 -93 89 -26 -25 40 -83 -59 53 68 
-70 -36 -32 18 12 -33 -74 -50 86 32 4 56 -16 37 -37 32 40 40 -17 55 -80 78 -7 53 -63 -14 -56 -55 -56 100 94 -46 85 49 55 75 -97 4 -56 -57 77 -63 65 -56 29 98 -58 28 -10 27 57 -70 42 -51 -93 1 -57 -41 -83 -8 11 -27 -44 -31 58 42 20 -44 25 -100 100 54 -65 55 5 -58 57 -48 29 -6 64 -79 -47 -80 -21 27 88 -55 -73 62 43 -19 -38 3 24 -57 -41 59 -51 -51 
-11 -79 42 -56 -66 -26 96 74 15 88 10 -18 71 100 98 49 66 -96 -35 -54 50 93 -26 -36 -15 95 97 8 81 -99 80 27 74 -27 -15 -50 92 -95 88 -17 34 -34 -64 56 94 -4 -34 -77 22 67 20 99 -46 28 49 81 -30 18 29 -52 -90 42 18 89 43 -6 79 72 95 -66 2 4 1 -35 -16 -24 -65 -74 15 -56 -58 77 8 -36 -60 5 61 -42 -62 -87 65 -8 -95 -44 -33 99 5 7 -37 -47 
