31 19 29 4 24 37 29 14 16 27 -98 27 -19 2 57 46 93 -13 53 -64 -79 -3 -22 -96 87 46 72 9 -51 5 -24 18 84 35 -85 -60 97 -41 -74 50 
-50 74 35 90 -11 -45 55 64 77 -84 -49 -83 -45 87 -73 -45 -2 98 -58 8 -82 25 -90 17 43 -54 -34 22 91 47 81 27 2 95 -87 47 -39 65 61 -43 
-32 77 100 -95 57 -54 -25 48 -58 -100 -12 55 92 33 96 -41 35 -20 100 -60 -42 -19 -87 7 9 44 -72 60 74 13 -30 11 -28 35 48 80 6 -32 31 53 
-95 -52 0 92 -53 -22 71 -38 -70 5 -38 47 3 67 -54 -32 90 11 34 -21 95 9 -22 -83 -66 -61 22 -76 49 -93 41 91 78 29 -89 74 96 -58 81 -74 
41 21 72 20 2 44 -56 58 -30 -64 -6 6 -90 18 4 11 70 33 33 32 -75 92 44 -50 46 -22 -21 -98 54 -61 24 49 65 -6 -38 67 -54 -43 -90 -66 
-45 -34 -68 39 -62 -80 57 74 20 9 -71 36 -89 51 92 -24 47 1 86 -24 -29 -63 -93 11 -30 -10 79 -65 43 -40 -57 -90 100 -71 88 26 -41 97 -1 -12 
44 62 26 -96 -73 44 -52 39 -54 -35 -55 -20 16 -34 61 71 37 98 22 -22 -6 -38 -44 -19 24 -99 -50 63 -56 93 -15 90 -26 23 49 -55 -40 -44 -31 -18 
-20 -9 36 -60 -86 24 33 -35 35 -63 21 85 -77 51 -28 60 -22 70 -75 50 51 23 6 69 -25 39 74 55 19 93 10 -58 74 56 -26 91 59 46 -63 42 
-82 -16 99 82 56 34 -25 64 18 79 -94 22 -41 -34 -31 -51 -12 -67 -60 63 59 -78 66 15 100 15 -8 -12 -67 -13 -28 54 -38 19 -19 91 78 -62 -61 -19 
41 55 -26 -22 -64 -49 -91 96 -51 33 -9 -26 97 -37 78 -77 -46 -22 -47 47 16 71 -91 -37 -6 67 -10 -46 -42 13 -31 58 -43 98 1 75 13 -54 -59 29 
-61 -30 50 -36 82 27 -60 71 -73 70 84 -63 5 10 -27 -1 -96 -81 -73 -86 99 -17 -49 -77 -79 -25 -18 -82 65 22 90 59 -70 -38 -28 -90 83 -3 -23 -75 
75 -12 -9 44 53 -64 72 -27 -89 13 -18 -17 -3 2 28 54 -37 -53 55 4 48 68 -12 -9 -73 52 77 -85 19 24 -52 53 -95 11 15 -45 -66 94 47 27 
4 -12 -47 3 69 -6 -76 -40 -90 -35 8 24 40 63 -18 4 94 -56 49 -11 46 67 38 -94 13 10 -1 71 60 -29 -7 72 17 -26 -62 82 -80 -49 -41 -31 
35 -72 -49 24 -70 52 -55 -70 -36 71 0 39 -81 18 -52 -79 65 8 83 -5 49 -29 -22 -4 7 -10 39 -17 -76 -33 -78 28 95 31 -54 81 -57 -39 99 -6 
-57 2 44 -17 35 -5 10 -12 -10 32 -8 -25 44 89 -74 27 18 41 -67 -16 20 -2 25 6 24 -91 22 -58 43 43 -65 -15 48 -5 -92 51 -16 -30 12 59 
23 -80 36 100 57 -77 38 97 -68 -98 4 -32 -13 -64 16 -80 65 -13 -56 52 -61 53 -72 30 37 -66 -86 12 -98 32 67 33 85 -51 30 -33 5 51 -9 62 
-42 59 4 -27 -75 -34 46 -99 34 36 13 -99 94 8 68 -4 40 81 -81 -79 82 9 70 -3 35 30 -3 83 -82 62 -26 75 27 26 -90 97 5 76 -73 -75 
-67 -11 -10 17 8 -100 16 38 0 8 47 69 36 -89 8 90 -1 -94 78 49 -27 -41 -17 53 13 40 15 33 -32 61 13 70 -43 70 -8 18 50 15 76 97 
-82 -93 75 -84 -38 -69 -87 1 19 -48 28 -23 17 -70 91 -39 14 -48 -97 -96 64 -62 -41 -72 39 47 79 -70 -61 50 100 -94 51 -24 -70 86 89 98 -68 -7 
28 4 -97 76 -34 31 -74 -68 42 37 28 -2 -41 -30 22 36 -26 36 31 -83 66 58 -72 -70 81 18 73 64 18 23 -47 -38 -71 -13 -96 50 56 -99 -47 -93 
71 74 30 -4 -32 59 29 14 98 -11 -86 -54 -98 -95 -74 -70 -34 52 90 -18 -41 -11 -62 53 90 73 -11 -23 -26 -81 -37 40 74 93 -88 -59 31 -49 -95 -71 
-96 4 69 -45 -24 -96 -12 -43 91 78 41 13 49 51 68 80 -98 30 12 64 100 -50 71 -53 33 59 79 -94 84 -91 -25 2 -68 19 56 11 -29 28 9 -91 
-59 19 -54 29 -36 72 -44 -28 -42 3 80 -52 30 57 -86 -94 68 -26 9 -79 23 -38 89 -33 -59 -11 -11 7 90 -2 -18 25 8 98 -52 1 -29 100 66 57 
-45 55 49 -22 43 -46 -6 35 -60 -40 89 -29 -67 -44 -35 -41 6 -99 -84 -9 -95 20 1 -47 71 -98 29 98 0 -83 32 -8 69 100 40 -100 -5 -3 78 -41 
-90 -57 73 41 -25 33 -74 -32 56 64 -90 36 -54 1 47 -60 28 73 72 -100 -67 -51 42 -29 38 -44 -92 37 83 -59 -29 85 -61 -62 -30 89 10 36 18 25 
85 37 -36 45 -47 -72 -55 -72 -87 -52 -14 -87 25 -78 76 -74 50 -14 12 42 86 -93 -92 2 37 -60 -23 11 35 94 4 72 -79 -10 54 -2 47 -36 11 16 
-67 -36 -62 43 78 -57 83 83 58 -64 15 21 2 76 -15 6 -36 4 39 46 68 31 6 -70 -76 -98 54 -88 -86 65 -76 70 62 -92 13 -44 33 -24 -35 -68 
-75 87 -55 -29 92 -48 59 50 -56 -87 13 -21 83 23 -62 33 -98 -65 -5 65 47 -47 -90 -85 -21 65 93 76 37 -45 100 48 16 -4 -84 4 -7 -23 -19 -45 
-9 -75 89 21 -27 14 -78 -66 27 -42 43 7 -25 -3 1 -81 62 -84 -15 99 -48 -71 -26 54 3 78 -3 -8 55 17 -48 -39 10 -54 2 -80 100 26 98 5 
44 -99 32 -61 -5 0 56 75 -46 4 -28 78 -28 -78 -95 -22 24 -95 37 55 -94 9 41 -65 51 -58 -66 100 92 12 -9 -46 90 -85 -79 -53 75 -9 -58 72 
-73 56 -34 -27 82 -28 -90 90 76 92 -89 79 -95 58 -46 -14 -56 -37 100 -85 -33 49 32 -96 -33 -88 -54 -22 -81 -46 -30 -4 -97 -41 -24 -4 -56 -18 72 -39 
-52 53 -39 5 77 -87 97 18 -57 -64 -41 41 32 41 64 46 89 23 -7 33 -77 -47 1 47 33 -23 -29 100 95 29 11 -15 84 95 -96 -17 81 92 -25 -42 
24 71 56 -45 92 -7 87 -79 73 -12 -4 89 24 -20 97 -53 -50 41 92 14 -51 -85 -89 25 28 -29 20 57 66 15 -73 -29 -57 41 90 -33 43 -67 48 -64 
50 25 5 46 13 87 69 -8 -3 -10 -16 74 15 -2 86 86 67 -82 -10 -62 -99 53 53 96 65 72 12 -51 63 -59 29 29 -10 52 69 -16 92 94 -3 -84 
-46 43 3 98 32 -100 52 17 -46 -81 84 97 97 14 31 18 -68 28 -85 -65 -19 -75 2 -98 50 85 -71 11 -9 75 -5 23 62 -57 44 79 -81 10 34 26 
100 -95 -13 -72 65 -37 -48 -5 14 -10 6 -40 -55 46 77 39 68 89 -14 97 5 -57 -29 86 -54 -72 3 -76 1 -87 -24 97 31 44 -27 -6 2 37 27 -21 
53 8 -80 -22 65 -70 -71 75 48 -25 -99 -83 -83 81 77 -98 -43 82 67 76 16 97 -9 -19 -68 -3 -74 -24 -69 -88 -5 -14 24 72 21 4 -86 -54 -64 -69 
38 -7 -98 17 51 -54 46 68 37 -53 53 -92 -61 -55 -47 -2 -40 -11 62 -87 -66 -90 72 -16 22 -64 82 80 93 32 59 61 -19 62 44 -57 -19 35 -14 23 
78 -4 -46 0 66 33 64 78 -36 77 -80 -91 50 93 60 82 89 -63 69 -21 -83 -22 22 -44 34 24 8 -99 7 -38 -16 -28 -54 -99 46 15 -28 50 -35 93 
82 -54 17 48 -22 35 92 -80 16 64 96 -7 43 55 72 37 46 28 -42 35 -48 82 -68 -90 -60 -78 -15 -83 83 35 -65 83 53 -30 -21 75 7 -26 -33 69 
