0.82 0.72 0.05 0.87 0.66 0.72 1.   0.13 0.67 0.46 0.7  0.83 0.45 0.84 0.76 0.2  0.73 0.81 0.67 0.08
0.49 0.69 0.15 0.36 0.54 0.4  0.64 0.75 0.04 0.17 0.97 0.81 0.66 0.65 0.15 0.5  0.09 0.73 0.07 0.06
0.96 0.3  0.97 0.63 0.51 0.91 0.18 0.13 0.98 0.87 0.35 0.19 0.82 0.43 0.79 0.49 0.58 0.16 0.93 0.69
0.44 0.71 0.23 0.59 0.93 0.98 0.86 0.15 0.46 0.88 0.47 0.06 0.54 0.49 0.56 0.33 0.27 0.75 0.03 0.64
0.75 0.82 0.19 0.92 0.07 0.26 0.14 0.41 0.55 0.6  0.07 0.27 0.46 0.06 0.15 0.46 0.04 0.44 0.01 0.03
0.9  0.97 0.78 0.14 0.74 0.77 0.99 0.   0.74 0.45 0.96 0.93 0.38 0.31 0.32 0.53 0.53 0.98 0.11 0.98
0.86 0.29 0.02 0.11 0.14 0.67 0.39 0.01 0.49 0.25 0.59 0.34 0.88 0.62 0.57 0.84 0.03 0.57 0.83 0.27
0.64 0.89 0.09 0.56 0.58 0.11 0.34 0.36 0.26 0.33 0.2  0.52 0.96 0.42 0.08 0.69 0.32 0.66 0.32 0.34
0.35 0.71 0.42 0.92 0.89 0.11 0.96 0.83 0.81 0.16 0.02 0.25 0.61 0.67 0.6  0.2  0.69 0.3  0.96 0.83
0.35 0.05 0.81 0.79 0.83 0.82 0.13 0.98 0.92 0.91 0.33 0.83 0.99 0.46 0.46 0.38 0.46 0.3  0.59 0.27
0.28 0.57 0.32 0.95 0.75 0.2  0.41 0.39 0.13 0.25 0.79 0.32 0.88 0.86 0.37 0.22 0.63 0.35 0.41 0.55
0.56 0.09 0.48 0.8  0.83 0.88 0.95 0.45 0.75 0.11 0.99 0.14 0.61 0.93 0.8  0.9  0.96 0.48 0.97 0.36
0.48 0.34 0.81 0.06 0.77 0.78 0.12 0.75 0.51 0.69 0.24 0.78 0.75 0.88 0.79 0.94 0.95 0.29 0.2  0.06
0.08 0.26 0.38 0.17 0.58 0.91 0.89 0.57 0.76 0.29 0.45 0.88 0.99 0.94 0.25 0.96 0.49 0.24 0.87 0.82
0.78 0.24 0.22 0.73 0.14 0.31 0.94 0.54 0.86 0.36 0.33 0.2  0.86 0.71 0.28 0.26 0.16 0.83 0.23 0.15
0.17 0.36 0.24 0.76 0.17 0.97 0.82 0.6  0.31 0.37 0.09 0.79 0.35 0.81 0.61 0.31 0.12 0.   0.9  0.88
0.24 0.17 0.19 0.73 0.99 0.93 0.92 0.77 0.42 0.29 0.2  0.87 0.32 0.5 0.63 0.68 0.39 0.25 0.9  0.66
0.39 0.18 0.11 0.24 0.94 0.87 0.67 0.44 0.96 0.97 0.65 0.57 0.41 0.52 0.39 0.28 0.17 0.57 0.29 0.99
0.71 0.63 0.7  0.82 0.28 0.86 0.5  0.97 0.12 0.81 0.99 0.04 0.08 0.73 0.82 0.07 0.68 0.62 0.5  0.28
0.87 0.   0.04 0.07 0.72 0.02 0.41 0.63 0.47 0.46 0.68 0.02 0.18 0.3 0.13 0.04 0.15 0.94 0.84 0.82