-65 13 78 -91 -38 62 51 -20 -17 -43 51 10 79 20 -55 -61 28 50 42 27 45 -67 86 -95 -1 93 76 -71 20 -16 -1 20 89 -26 85 -98 43 42 -49 -92 69 37 25 67 -16 54 11 17 -48 -1 -58 93 -35 -9 -63 -63 55 51 -22 -60 
58 -59 14 79 78 -32 -51 35 82 58 -70 -94 76 -29 -71 -81 7 -81 76 -47 -87 43 -97 48 70 -92 -35 -10 2 -52 55 68 -23 -31 -84 -50 -8 77 11 38 -47 -38 -91 13 -16 45 23 68 -77 -7 -67 62 -67 -23 59 35 68 60 6 50 
76 76 59 63 -23 -67 39 -7 -61 -96 32 62 -53 -59 -21 26 33 2 73 -56 91 25 5 20 -31 1 -63 -79 19 76 -96 -56 98 12 99 39 -42 34 -47 -66 -40 19 -25 -2 -16 57 -63 -27 66 85 -52 75 -20 56 -31 -22 46 -71 -22 72 
0 36 -84 65 -10 50 89 51 -59 74 -84 -77 13 -30 53 -18 74 -95 -6 36 86 27 -5 -90 99 -9 -92 10 -44 -67 12 99 -45 59 -11 30 66 -66 -74 -38 81 28 -79 -10 94 -1 40 14 68 100 -22 7 88 -69 51 -2 -43 -68 82 77 
-45 -11 -40 67 -87 32 -30 38 -12 33 -70 -56 48 32 -8 -80 22 86 66 31 76 46 -94 100 90 -35 47 35 37 -48 38 -15 -83 11 65 97 -14 23 -86 -60 24 -1 98 22 -89 -76 -10 18 -90 -22 41 94 -93 -53 22 30 -37 51 92 -86 
-80 -66 37 -17 94 10 48 -25 39 98 -93 -10 -35 -12 -93 -44 -28 -31 -21 -43 -87 -96 -69 35 44 -26 -76 72 -93 -71 57 -35 -56 98 -23 4 84 70 -91 62 -6 -8 -67 -22 -2 8 28 48 -88 4 -41 -10 53 -23 -46 -9 -31 -80 -45 94 
-38 91 60 13 -73 77 -12 -89 49 -50 -78 96 -67 -91 53 -93 -96 -71 25 -99 -22 77 -86 89 57 4 -12 -94 -86 65 -42 23 -28 46 14 -76 93 -75 -25 2 43 -92 37 -76 46 -40 -53 -15 88 67 42 -79 23 -31 80 -34 73 -11 35 5 
73 3 74 -67 15 -88 58 -94 -99 53 -23 98 87 90 3 57 -5 -56 20 70 92 -59 20 56 65 -41 39 -100 0 10 -64 69 77 71 88 -80 -86 -98 36 59 69 -76 64 98 -60 12 3 -30 72 -83 52 -37 46 56 38 -10 78 88 79 -90 
44 -52 -50 85 39 12 -55 15 45 -75 59 -40 -68 -50 -35 16 80 23 -66 -77 81 55 18 28 12 83 54 62 87 -65 -43 97 -69 46 16 34 -26 -71 -59 -6 89 -57 75 -34 87 23 -76 37 20 -88 40 76 3 -26 -29 -62 20 -30 -49 82 
-3 49 88 89 -6 -33 -34 -97 -28 63 25 94 -38 -57 41 -54 31 -36 100 -8 -27 27 -16 -7 61 -59 47 90 90 -38 -51 19 -90 97 -78 74 25 69 -72 81 53 -59 48 54 92 61 -64 -27 11 -28 39 -12 -31 -39 7 -76 -2 -16 -3 -27 
-10 -17 13 50 2 95 32 -79 -97 -9 -7 14 -15 70 -14 76 -51 -54 40 -100 28 19 -23 76 -1 73 61 -62 -46 49 -26 -56 23 28 22 78 97 82 -78 43 8 15 -14 -47 97 71 28 -14 63 -31 33 78 15 -55 96 22 -19 -13 -13 93 
-6 -3 -97 89 24 5 59 53 55 -71 25 76 -51 30 -66 66 46 35 -84 99 -20 -56 -50 62 -92 -65 -97 31 -26 -19 35 -38 37 23 -57 -91 -91 52 -83 5 -85 84 -35 -37 0 16 73 53 100 -59 -12 -43 25 -81 -18 62 11 52 0 34 
-13 86 78 -92 94 78 49 -64 -21 -15 23 3 -83 4 54 34 -95 -30 81 55 -61 -60 -83 94 34 79 48 -82 78 1 32 100 54 -71 -100 53 13 -38 16 -6 -81 -62 -27 -94 -91 61 25 -68 89 -23 -26 -20 6 54 34 14 -13 29 44 57 
-64 77 9 -11 100 36 16 21 54 -94 81 32 26 -28 31 14 11 -37 28 85 21 68 -39 11 77 -80 26 88 -21 -72 -43 45 86 77 -70 4 30 43 -17 36 94 27 -84 -20 -62 3 -46 -46 46 -31 75 -100 45 12 -20 80 72 -7 -68 -65 
-70 97 69 -13 37 -84 23 2 -70 -68 -58 -6 -48 59 51 -59 -67 39 12 36 -66 -74 68 62 -17 -68 64 -88 -2 -39 -17 -34 -94 77 -50 -55 97 -24 70 -28 -33 80 -14 92 54 99 -67 -18 -42 -44 -71 -8 21 54 90 -82 82 -36 -35 33 
-96 60 -82 32 90 89 90 -12 -86 -15 -19 -26 99 -66 47 -32 -23 -12 -12 -6 -39 58 -22 -80 47 -15 6 -6 -73 88 -92 -32 -26 -56 -28 59 51 -80 26 9 -39 -4 32 90 75 -11 -28 -79 -50 47 95 92 0 65 -32 40 -77 -78 -77 90 
-36 -2 -82 72 -5 -48 -2 24 -19 29 -94 89 72 90 -58 37 -46 25 -46 -7 35 35 56 -11 -7 87 70 -19 -98 15 40 -98 -45 45 -93 -87 -87 27 58 -99 19 -56 -85 -8 58 68 25 13 -98 99 3 7 -55 -45 -33 -53 -2 -30 35 -24 
30 26 -34 -44 -55 -67 60 -85 -84 75 28 24 -78 -30 77 -48 -97 -15 -2 -74 -22 -11 29 -93 3 -100 22 48 55 31 -17 27 76 -5 -48 -69 43 66 60 49 -27 -46 14 53 -83 -24 -55 -93 15 -100 6 -42 -95 -64 23 -24 -6 40 -17 -58 
-73 -60 -1 -92 99 -89 86 15 -90 55 95 98 29 -59 -32 91 75 29 -89 -89 37 -29 45 -69 -95 31 -41 -50 69 -40 -46 -1 -81 45 88 14 36 30 74 -89 38 -23 42 67 -85 71 -7 75 43 -71 36 -23 -48 74 28 56 -88 -44 11 25 
1 14 -62 33 -38 -34 -29 87 5 -22 17 -19 -91 90 17 72 80 -66 -95 -75 7 81 -87 -93 29 82 -54 -13 -97 -14 -86 62 -39 27 -3 -72 9 97 36 -3 32 -45 64 27 -55 -97 -31 77 70 -7 -13 31 32 -63 -74 45 17 -5 -39 -6 
85 -65 -67 -11 66 12 76 51 -9 18 -99 -45 10 -46 18 38 -71 -35 -21 -98 78 -78 -67 -80 11 -79 -17 -61 77 89 -24 52 -82 -34 -17 41 35 92 43 -79 15 -7 26 -39 15 -34 -44 -22 39 35 31 -36 -52 -79 -57 91 54 31 -36 -70 
65 -57 -58 1 -80 72 -97 -17 -48 -96 83 11 -70 -75 17 -99 -19 29 -70 -11 -45 25 -5 -76 -35 23 -3 -43 -89 -64 39 25 91 76 -83 -21 -25 -60 0 -44 84 -37 0 73 -3 -95 82 -4 90 32 -20 19 -19 71 -38 -49 98 97 71 85 
98 19 10 6 76 13 -45 -61 -42 43 -42 76 -42 -80 11 -97 -65 60 -2 25 -51 34 -65 -33 80 94 -17 -64 67 -93 13 -52 -73 31 -16 -67 80 22 -12 -38 -10 81 16 -35 -82 -95 -83 85 -41 -71 65 -20 74 -97 0 5 -19 7 94 -20 
-75 -98 -93 97 85 -99 -57 53 -80 -72 57 35 -58 24 -15 -49 -98 29 71 15 -77 -21 -93 89 87 31 -15 -53 66 75 33 -99 54 -70 80 68 31 -2 -10 -63 88 9 -51 66 83 64 -23 -15 -2 -33 -99 28 54 -1 38 24 51 -41 -77 29 
18 76 -67 96 48 -49 93 44 0 -42 9 49 0 -78 -70 -60 -29 -18 97 -74 -88 9 -95 75 85 49 34 56 50 -16 5 -34 -75 56 66 56 51 -96 17 -27 -23 -71 29 62 -4 -58 -77 -1 -27 -55 18 -33 -70 27 86 -91 3 20 -4 -89 
15 94 -2 -54 -51 -15 13 -9 -52 11 -14 63 12 -18 -34 68 -81 70 38 -48 12 -42 90 68 -88 55 77 -70 -81 -44 40 -88 62 19 7 -39 5 -15 -40 8 36 -1 -36 -41 5 -9 81 -32 100 64 95 92 -50 58 76 13 -21 8 -32 -50 
-18 -20 12 53 42 -91 -29 -35 -66 52 -31 22 -84 -89 -68 90 75 60 94 -100 -39 -89 -17 67 -52 -92 -36 38 -62 -96 70 -59 87 -14 -96 60 -83 21 38 100 53 -100 33 99 97 0 89 4 -68 -76 15 -14 33 -26 86 48 44 -20 55 29 
-86 -27 -45 95 -96 -30 -9 34 -76 -76 -68 20 -54 21 57 -100 81 27 -7 -27 -16 21 77 64 -81 22 -83 -36 -17 -63 7 -39 10 25 -62 62 28 -97 39 -93 -33 55 25 -45 -94 -44 -12 -76 39 -74 -97 72 -52 59 79 33 -17 37 -79 -51 
-53 -62 -53 -17 100 -78 -33 16 28 -17 44 -29 26 75 -18 -93 -55 -22 -14 -75 97 -10 -37 17 50 59 -14 -29 -12 77 -19 -69 11 -81 20 36 -44 -72 84 -29 -24 46 39 -1 -23 -65 30 -72 -7 48 -43 60 8 25 59 -85 -33 68 89 63 
27 65 -62 80 61 -58 21 69 -79 -100 -44 44 -58 -74 -76 -70 71 -15 58 -38 -98 98 48 -65 -40 -38 64 44 86 -64 30 -64 66 83 71 -47 -28 62 35 76 19 28 -60 43 78 54 94 -50 48 -76 4 -78 -13 -92 11 93 54 -22 78 97 
87 11 95 -19 3 -49 -22 -96 18 -26 -61 -71 -83 -33 -31 -72 19 -27 -34 -10 -19 -80 -42 -78 -95 -8 -32 92 -56 81 -53 -90 57 -61 -81 17 -83 -90 17 -33 -3 9 -62 58 35 83 -68 24 -30 99 -87 -82 -71 93 16 75 92 -98 -91 62 
-84 -84 34 66 -26 51 -63 57 90 -37 -40 47 24 -77 92 57 -84 -49 -82 -37 57 -83 -63 -25 69 49 -71 8 93 -57 80 63 75 -41 33 68 -56 30 41 93 -23 35 18 -28 -88 -55 -2 -23 -10 -94 78 -33 -9 -76 68 57 -76 58 -58 -29 
78 61 11 76 -3 -6 15 -10 7 25 91 90 -44 -96 -85 -56 33 -93 -9 77 71 93 -48 56 92 -84 -27 2 -44 13 72 -4 -73 -45 -5 -16 27 -8 38 -46 71 69 -70 -69 -95 -2 -12 78 24 -1 83 65 75 15 9 14 79 65 -43 -32 
89 -26 6 24 84 -44 -14 -54 33 96 -89 -73 -48 24 8 -14 -55 -86 -2 -62 -62 -65 29 66 10 4 -21 -89 -90 -74 46 -57 -13 94 -22 -8 -32 17 79 -59 27 -56 27 95 -66 -18 50 -33 -44 -78 -85 -7 -83 -37 46 -21 -30 25 94 -2 
86 -85 -89 84 -49 76 37 51 -2 -52 50 57 -29 43 65 0 -66 52 56 -91 -3 -76 1 -33 70 -63 -42 -43 71 86 87 57 -10 99 70 -48 63 -91 30 -72 69 97 89 1 36 -62 -36 42 -10 -5 51 -13 -23 -88 42 -26 -33 93 88 -55 
-77 -15 94 -9 -88 47 38 -90 -93 -86 4 -40 71 97 -86 78 63 -55 -81 -71 -29 62 3 9 19 81 -10 -56 -90 29 -38 22 -25 -18 48 65 10 58 70 -6 73 37 -69 26 -89 -83 -39 -41 74 -70 63 -98 19 -15 17 49 -69 57 -43 -30 
-81 85 36 25 -33 -16 30 -83 64 -56 -53 56 7 -36 -18 -22 84 2 29 71 -88 -73 -89 -12 -40 67 -68 37 1 -61 21 -28 -91 81 -11 -14 63 3 -7 31 -7 -45 47 -54 66 -92 81 -51 3 -42 2 30 -80 50 4 -10 69 -43 -45 -21 
-41 -54 58 -48 29 -17 24 -100 -69 37 -19 -70 0 37 -33 -26 76 -95 -58 2 5 15 -54 91 23 55 22 -83 37 -61 -4 -44 -79 -28 -46 97 28 21 -32 -16 -64 -3 -40 -42 -74 -38 -32 -67 98 -32 87 28 -79 -18 1 -45 -69 -82 4 50 
25 -31 81 57 -40 -61 -48 71 48 -98 80 -25 63 17 -6 47 -48 74 -53 -15 -35 -39 -15 -95 -26 -30 -1 19 100 -1 38 48 -73 -91 4 -95 -33 1 23 82 29 2 -34 -16 -45 -12 -30 -1 -17 95 -52 36 -73 57 39 16 -33 -27 13 25 
-98 22 -24 -90 63 36 -22 -87 46 29 64 93 74 -56 -66 77 -92 0 77 -52 48 96 -81 -2 8 -80 -67 -74 62 -72 42 29 85 72 98 -82 73 23 -89 -10 18 -85 -23 51 51 -44 20 -55 35 -69 -19 -3 34 58 66 80 94 -79 86 12 
84 -65 -68 4 -70 -10 -56 0 -75 -76 -39 64 75 70 -42 -11 68 -53 -43 -96 25 -30 -45 -68 -91 -33 -6 94 100 -38 -41 78 -85 14 74 -80 -90 19 -26 48 3 68 -33 15 -12 14 -81 50 14 -59 -93 -51 -24 -91 48 -62 15 -94 -83 30 
4 -48 45 -34 28 60 37 45 -3 13 -49 85 -22 -8 -68 -69 -43 78 -13 71 49 77 -27 -55 17 -79 100 14 23 14 -66 97 -89 17 63 -90 45 40 94 -57 -86 87 8 39 46 30 97 -3 -42 77 18 -45 74 -79 100 83 3 19 57 -13 
71 81 -57 -23 66 -30 -92 81 15 -6 -58 -99 60 48 -61 53 -55 -82 -84 -100 -19 68 -75 -61 -55 9 -34 18 -57 -94 -8 1 -61 -62 -38 -21 -64 -74 -12 -3 -36 78 88 25 -15 59 -89 38 34 -86 -93 -43 14 92 28 14 -67 64 -69 30 
-13 -29 -1 -9 -82 32 24 -85 -15 -5 20 -80 -22 -79 48 -7 64 15 18 -56 -62 -23 66 -51 66 -65 43 5 -48 -58 -44 94 -80 17 90 -49 -64 -38 73 -97 -31 42 -5 84 -98 33 -69 -81 -19 78 48 25 53 24 22 -88 93 -25 84 57 
40 -13 85 -81 92 -61 -7 -92 82 -6 89 -35 -58 -60 -51 69 30 -93 -34 -75 56 73 19 96 28 -49 -35 85 6 -20 92 25 64 -63 66 -11 -64 -53 -2 -24 41 82 70 41 70 -78 15 -71 -98 88 -9 49 66 50 87 -94 86 95 35 -39 
12 7 -44 95 22 47 23 -64 -55 -21 79 99 89 -62 -37 -84 -31 -48 -78 -14 94 -37 37 78 6 -90 92 89 97 81 -37 69 -81 25 -43 23 84 -34 13 -25 -36 44 -66 57 5 92 -40 -76 55 -46 -64 -61 65 90 67 77 -46 43 40 94 
60 -28 44 18 90 -33 -53 -81 80 -29 -84 -16 -37 -42 -75 39 82 22 47 95 -18 -39 -65 17 21 -5 32 -56 71 -3 58 -88 18 6 29 38 -45 -84 66 62 -4 31 -5 -10 52 86 81 -46 1 -97 0 53 25 98 31 59 -62 -55 -84 38 
98 -17 -6 -66 95 -71 -17 -35 38 -11 -3 -72 -2 -57 75 -2 -78 96 6 81 -54 12 -50 6 -28 87 67 34 75 -21 -9 0 28 -95 84 -92 -8 53 -73 93 -19 29 35 -49 85 29 63 33 97 -2 54 0 99 24 19 93 -50 61 -67 -12 
22 40 -64 14 99 -66 -82 -34 85 9 -81 15 2 36 51 -30 55 -79 -86 -90 -41 52 59 -68 -43 31 26 -8 -9 12 -11 1 43 95 -2 -78 50 83 -7 -48 -19 46 -34 -18 81 55 73 -52 50 80 15 -28 -85 -7 -97 -2 -70 53 -57 67 
19 -53 -89 79 -29 58 -15 -63 100 67 -75 -64 11 -75 -94 -88 54 81 73 49 -81 -38 -66 -32 84 5 -24 78 22 -65 92 22 95 66 -94 -1 -78 -17 100 63 42 59 15 43 -73 -5 28 -46 46 2 -97 -56 84 47 -45 -70 -88 -5 74 58 
43 -18 94 86 70 -34 50 93 -38 -44 -99 55 100 14 100 45 -19 -7 -13 82 -73 51 64 28 -15 39 -19 47 -86 -75 -17 52 48 -92 -21 44 33 3 -47 -79 80 5 98 -31 -100 -76 58 22 -21 -14 45 -64 -44 97 -76 53 -34 59 -7 -20 
-28 35 59 -95 29 75 3 -89 -25 45 -4 -63 42 12 -62 86 -12 19 60 12 33 11 32 -69 17 -11 6 53 -26 44 3 -63 -52 -35 75 -32 11 28 -67 88 66 73 -14 3 21 98 -89 100 1 -86 -94 77 -45 -27 47 90 42 -29 -67 -39 
-62 87 55 -22 -81 71 75 93 -11 79 -16 67 15 83 38 -56 74 3 88 -54 -48 -89 -16 93 35 60 26 7 -8 -35 -92 24 -78 73 -31 80 -1 13 -98 50 71 17 54 -90 12 66 30 -40 95 99 90 74 -63 -32 -67 59 37 38 -26 -81 
-9 -62 -4 -9 -12 -92 51 87 -81 -65 89 51 80 -93 52 -42 30 23 -92 -96 63 22 -83 23 35 -49 93 0 -32 9 50 -73 -69 67 -58 -100 94 56 27 36 -52 -43 18 67 -79 -7 -42 48 79 60 6 87 -9 -10 76 20 24 -46 4 -56 
-68 -50 33 -14 51 49 26 -57 -7 35 83 -41 -97 26 83 -32 95 -60 -8 -23 -48 -61 -78 75 40 -5 -39 -32 -48 -75 48 50 69 -29 -49 -71 30 76 8 -87 96 -61 -28 -31 27 33 67 -88 39 80 2 -3 51 -13 78 -19 79 -20 -36 45 
-96 53 -46 67 32 -96 -52 -26 -61 -11 -9 19 -11 56 78 43 9 -35 -72 60 96 -14 -45 -14 -99 -70 -66 -29 -2 -9 -32 -70 -71 -18 -32 -81 44 -38 25 -44 85 -25 27 57 -68 -8 -90 -10 -67 92 -75 52 65 34 60 -83 24 82 82 49 
-74 65 -76 -60 19 -80 68 99 92 -8 -75 53 94 -39 -21 81 99 -25 -7 77 -27 -33 99 48 -15 20 -46 32 -15 -83 18 86 -78 99 45 -57 58 79 58 -60 -80 -21 -23 -73 -72 -77 -49 -20 47 -54 -61 84 80 54 -71 -10 81 -11 91 54 
-57 53 60 -14 70 -82 86 -71 -50 82 -36 -69 93 -48 -72 37 34 -4 15 38 -45 71 -55 59 55 42 -55 -49 -18 -43 -67 -24 -68 -28 96 95 17 56 -44 -99 74 80 -16 59 -52 -19 9 48 -38 40 66 89 -14 -41 65 -46 67 -71 52 -12 
76 -71 -47 -88 31 58 -10 -92 -50 -58 -59 59 -60 -50 2 66 -2 -81 -93 -14 -71 47 10 -30 -56 25 49 18 -73 71 66 94 -56 78 -73 -5 21 69 -77 -9 10 -91 -39 -21 69 80 -39 92 98 -43 85 59 91 -91 -84 -97 -71 99 -17 22 
-76 63 46 -80 73 -60 -35 -41 62 -12 94 -18 -68 -34 -49 69 29 35 91 -97 -57 -65 76 90 37 49 -100 72 -33 64 50 -90 26 -6 50 10 -74 -78 49 -68 56 34 -37 76 -10 -33 -88 30 -63 -62 -7 17 -57 72 54 58 38 72 37 21 
