-81 -69 86 -35 -89 1 78 67 -44 -22 62 2 10 -100 -62 49 78 -24 -50 33 -7 -53 -10 91 79 -42 83 88 51 -6 88 -87 20 -79 16 -90 35 46 -35 -43 -11 56 -70 -78 70 84 -30 -12 -5 92 -44 -68 -86 51 22 -27 -18 49 -59 57 -55 -76 -95 51 -49 51 -21 -16 -44 14 
-60 11 -47 -34 -88 -78 -97 -89 49 -7 25 -78 -25 -8 -27 -57 13 65 51 -89 -57 -46 -78 27 15 -74 -19 -98 -95 -19 -3 56 24 47 -47 68 99 46 -45 48 -6 98 62 80 34 -43 0 -50 -15 -71 -34 -76 11 -74 52 -4 -29 -53 -17 21 -87 -17 52 -65 -79 8 -79 87 -12 58 
49 8 -77 32 0 57 -97 81 79 67 6 99 -79 -74 -88 -71 -10 -90 -84 -82 24 34 99 -41 -18 4 -100 -35 97 -99 8 -27 -4 63 -65 89 -18 -16 63 2 58 -51 -81 -65 -1 -5 77 98 6 -100 1 -58 -95 -81 -51 78 9 -51 67 -58 -35 -96 -66 -87 -37 81 12 -68 0 28 
61 -8 96 -42 63 93 -43 85 -10 73 100 32 88 -95 54 -98 0 -38 -63 -78 74 -63 36 -78 -6 69 82 -66 4 -74 61 -81 -74 -63 -98 91 97 -90 64 75 -46 -33 25 -27 77 -50 50 62 -41 -63 -49 40 -76 -85 -63 -69 89 76 58 38 -82 46 -85 -61 85 -17 42 -73 66 80 
75 16 68 78 -19 -75 -30 100 14 42 60 15 12 9 66 -57 5 7 -24 39 -68 -67 -91 86 -32 69 -16 -50 -50 -84 61 -19 88 -38 -17 -50 -98 52 -79 81 57 11 44 89 100 -27 28 -19 10 69 -76 68 -39 -53 89 96 52 -13 38 36 -63 -23 -15 -76 26 -50 -66 96 -65 -77 
31 -53 9 -3 -39 -72 94 -5 90 18 76 -11 -32 24 85 -38 39 -65 82 -19 -72 6 29 96 56 -81 84 -20 -79 -27 47 66 -65 -7 -10 -25 25 -63 61 -63 36 -24 -60 -2 31 -83 -75 44 25 95 89 -5 -13 93 -26 53 66 -53 68 17 1 26 49 71 4 -27 0 67 -79 54 
-57 95 -18 8 -46 -80 15 92 14 -52 -16 -65 -79 86 88 -68 -95 -17 -92 73 -5 -68 -53 80 5 -78 46 84 -77 59 57 35 -12 87 -21 -84 -52 23 -55 41 -51 -93 58 22 -17 -69 84 13 30 -42 30 -35 57 46 39 67 -33 66 20 -28 69 -55 -21 -13 94 10 -19 -87 21 82 
-64 51 -27 80 -4 22 30 49 75 37 -82 90 18 -66 -81 -54 83 -7 19 -42 43 19 36 -67 0 -47 16 -6 15 -46 83 -44 -42 22 57 97 -53 37 43 -27 79 -12 -85 -84 -59 -27 -43 -75 -11 -14 26 6 -51 25 -57 57 -42 77 -12 -60 1 -78 92 -55 70 64 -91 100 53 36 
-14 -46 96 -18 -49 -97 13 93 82 -90 24 -35 51 52 51 -15 -50 -76 66 -51 74 53 72 61 63 -42 -70 -72 -34 -89 -80 -25 -66 46 -84 -70 -91 -34 -22 6 -13 -36 -15 -46 79 14 60 75 15 -85 -45 61 29 -31 8 -90 -55 -84 94 -88 52 -38 -70 -10 -15 98 61 9 -59 99 
83 -38 73 78 70 42 -6 27 61 92 -44 -98 -91 25 15 -7 87 -23 78 -52 -21 -36 10 40 -4 17 11 100 -74 -53 -7 51 50 77 -36 -4 -29 93 -9 -84 34 51 14 30 50 51 -99 -41 87 -30 -25 65 93 -54 19 -80 -77 -8 1 -86 -24 93 -53 -99 5 67 25 12 81 -8 
-77 38 0 -39 -48 16 -41 -53 -13 -82 82 -32 81 49 -73 93 67 -43 74 87 16 -89 -36 -5 63 -62 45 -27 41 84 75 53 -23 -46 97 -94 71 -66 41 -58 -52 12 74 75 49 67 -99 -2 -92 -96 -23 17 55 -20 70 49 -93 -24 55 -70 -27 -31 -34 -86 64 -6 50 79 -71 12 
18 21 -21 -50 58 -60 68 -45 -98 40 94 4 95 98 -33 71 -80 -18 -26 -72 60 -22 85 86 -22 40 5 -42 20 -56 -89 -14 -92 -69 12 91 -46 -89 79 51 -45 100 68 -7 88 36 74 10 23 98 98 30 48 37 -19 48 -85 -18 -57 29 -11 -5 -50 -82 35 74 68 72 53 -42 
81 -58 -98 -89 -76 -87 14 -61 73 -35 75 -39 -9 -82 -3 3 -18 85 39 66 69 -87 6 -67 -3 16 95 97 -24 -47 -77 -60 -37 61 32 94 74 -15 3 -22 37 -50 -40 13 -65 -48 15 47 -87 -87 -20 -88 -37 52 -93 27 -30 -88 65 -93 2 22 13 66 23 71 -16 -31 -69 -40 
-89 -37 -18 86 -45 -35 -60 39 81 4 55 38 4 27 -66 6 10 3 -27 63 43 -37 77 16 9 41 -76 -6 -94 38 98 68 -56 23 -93 -16 -29 -82 20 -59 76 -67 98 -84 32 17 -16 82 -22 -77 -67 93 -68 81 -48 96 14 66 -97 23 -27 -100 7 1 37 89 -23 74 -50 95 
16 -51 -15 -6 -34 76 -82 -98 -69 36 -41 -40 94 -38 -5 8 41 42 -69 100 -60 21 -14 -67 70 93 -29 -94 9 50 5 63 -12 -29 88 60 41 -74 31 -31 -20 37 71 13 6 -15 15 34 -79 -69 -41 59 26 18 -60 6 20 -22 -15 -74 -48 -59 -23 1 79 5 -26 56 65 -94 
-36 62 -47 -80 13 -33 -38 -5 -65 -34 58 -34 -96 -37 70 -72 12 35 89 23 39 25 -74 94 89 -70 -55 -89 -58 -3 -28 -15 -34 86 -96 33 34 97 97 -58 14 -43 73 90 -69 -93 -72 -46 23 65 3 -69 13 14 20 58 -48 14 -15 24 29 -51 50 -84 -86 -97 -43 45 -16 -91 
-88 -49 79 54 82 36 -55 43 5 95 34 53 50 91 -40 -45 32 86 -16 -16 65 65 -53 83 83 77 -50 -57 -94 -37 -45 -96 30 82 19 -21 -18 26 94 94 2 71 96 85 33 3 -75 36 -48 100 16 35 -9 95 33 -85 67 -22 -53 51 18 -5 -22 -68 1 -14 -58 -36 13 -87 
98 37 -85 47 74 -42 39 40 87 -81 91 35 -38 29 2 17 -16 21 -5 -7 13 1 86 26 -96 -54 -13 -73 86 -91 -13 58 -1 40 -55 -5 -64 5 -41 -86 -6 54 -63 -8 -57 -75 1 68 16 9 17 90 -8 5 9 -63 94 -70 -55 -70 -8 -26 -98 -35 4 -58 83 23 -3 56 
-63 -90 59 -7 -88 46 -71 51 89 -58 -87 -39 75 -68 52 62 45 -51 31 -79 -59 47 -6 -23 97 -11 71 -41 -27 -23 -71 78 91 -47 -78 -68 81 31 71 -35 11 -87 -51 -90 93 -9 51 8 94 -48 11 -96 -7 6 58 39 -49 -64 -60 43 84 3 96 14 -8 -54 -9 15 1 53 
83 59 89 49 -24 22 -91 -72 -42 -9 78 -46 -24 10 -48 77 3 38 -87 -10 -98 18 -87 -91 -10 5 72 44 24 -64 86 3 62 70 -100 -3 -53 73 42 -63 -55 -10 88 -70 -60 -63 -63 87 14 85 2 -37 -32 -3 4 99 -68 86 -94 -62 -48 10 96 -67 -87 -97 -47 -64 70 -91 
-92 -77 -39 85 -62 99 -85 100 -94 -50 -96 35 17 -6 -79 -27 43 -96 -67 -30 -34 -77 60 69 43 -82 53 -1 -35 -93 74 -52 58 -71 -91 -72 -81 30 18 -45 7 -98 83 -78 83 -3 100 77 -17 40 93 -59 9 30 -58 30 64 35 93 96 -85 -71 -36 76 100 -15 81 -33 60 -74 
25 99 13 87 -3 -26 -20 99 93 -62 18 -41 -6 -31 15 -60 -69 -66 5 -58 -47 78 -29 72 47 -52 -58 -41 -16 32 86 -41 46 -25 -4 64 -46 95 99 -10 84 76 -51 -47 -83 30 47 47 70 -2 57 -92 -87 -1 79 1 94 -66 -42 79 69 51 -17 97 -48 -34 -14 -93 -63 30 
71 58 28 98 98 -29 -90 -81 86 45 -32 7 -54 -51 -68 -4 15 27 69 15 74 11 -48 83 -8 -47 -10 3 11 -16 47 51 -19 -100 -100 89 -76 60 0 -39 -92 -39 -97 -41 -41 -80 -94 1 52 -89 27 21 21 10 -46 9 68 -45 20 -12 -2 65 39 95 -35 -23 -46 56 -21 -77 
-45 -97 -12 -73 -41 -68 -88 61 -65 -23 100 -78 95 -8 -15 -22 -54 -25 -25 -16 -100 22 80 -50 15 44 -84 -89 14 -97 21 22 -27 -24 64 64 -30 83 -12 -8 -100 -48 39 83 71 -86 -20 -34 94 67 -7 42 16 77 -41 -88 -36 7 68 -21 34 -2 55 32 -37 44 -92 -36 62 -99 
-61 -21 65 -74 -98 3 66 -67 -23 -58 -66 86 89 68 -32 51 55 -83 56 44 77 20 45 -81 -52 -99 -95 52 63 80 -41 60 72 -50 20 -20 21 -59 60 -8 -27 2 -73 77 -55 6 -8 -51 -62 -71 43 25 -70 -99 -28 97 -62 -65 19 21 24 -11 6 37 -34 -13 97 -16 -8 -34 
99 52 -7 -90 48 93 -24 74 -46 82 8 61 -12 -32 72 51 9 -65 -96 86 3 -88 -50 58 69 60 -37 -48 22 9 -62 -62 40 36 -2 13 -44 -95 65 -38 -16 -88 62 -51 27 2 -5 -65 -14 -71 93 -8 -48 -89 19 17 -1 -4 61 -35 89 -65 82 6 75 -38 19 79 77 -3 
-42 77 34 18 52 -31 34 32 -53 -20 -97 -81 -23 -5 87 14 -81 -19 37 -84 -58 86 -75 -7 -28 -77 91 1 60 -40 -40 10 64 43 75 3 -91 32 -21 84 -63 -66 -27 59 20 -36 -8 2 68 14 32 27 58 -65 -26 -51 -15 8 92 68 -36 3 -89 22 -89 0 -35 45 17 -52 
81 -13 10 -77 -29 -50 30 -22 94 87 -1 39 9 39 18 91 -92 59 93 44 -79 -11 2 -68 66 43 23 -94 -82 45 -70 96 -11 -98 -90 -47 50 24 -46 -48 -52 98 19 5 75 -3 -8 -13 -97 -84 3 -16 84 26 -46 -43 -90 -69 -75 85 -28 -77 46 49 -86 25 52 83 -42 65 
1 0 61 -42 -45 -9 -79 -66 94 69 71 -31 17 -44 -12 99 64 94 32 -90 2 48 11 -81 -88 90 -7 84 -51 61 -14 34 -33 53 8 -9 -26 71 -88 -22 -20 -61 92 -32 -96 -82 37 3 91 83 9 -19 44 68 23 1 -4 -94 25 46 -22 -22 23 79 33 50 -92 -23 41 -88 
-31 -21 -13 -100 4 -3 -44 4 -1 -73 58 28 -73 11 -56 -66 -90 90 -61 23 8 -50 44 73 -31 -72 51 -6 -30 -32 -99 -38 -63 24 59 41 0 77 87 10 71 -85 -27 -1 43 57 -74 53 -61 -25 6 -20 16 88 -32 89 -43 36 91 53 73 -94 46 -44 -17 88 51 -32 29 -4 
-67 45 -90 87 33 36 -95 78 81 -95 2 66 55 86 -37 83 99 83 -17 -9 -92 64 -67 -52 -27 76 52 94 99 70 -18 29 -80 -60 -4 62 74 87 -33 -68 94 34 -57 26 60 -30 -24 43 -37 -58 72 44 -19 99 49 -17 -88 73 -25 -10 -34 25 32 -15 76 78 46 31 30 87 
24 -43 -87 -91 39 32 -16 -62 -31 -87 -53 50 47 -10 -49 29 73 76 -32 68 -6 1 -67 -51 81 39 52 76 -55 39 -59 -40 -82 -32 25 -35 -35 35 -23 -55 -59 83 64 93 64 -81 55 61 18 -75 97 -91 -86 -5 82 -18 -37 15 75 37 91 -97 57 71 -62 -13 -62 -59 -20 51 
52 60 42 65 -19 11 81 78 75 72 39 90 95 -69 67 68 17 71 27 -23 86 -99 62 45 38 -11 -36 10 -66 23 -83 -46 60 71 43 -99 15 11 -98 47 41 -86 -74 -79 -24 4 80 -41 -33 79 -56 46 -87 -42 -73 -40 91 -18 74 -34 3 -40 48 12 21 31 28 32 3 1 
-70 -5 60 66 -2 -75 -88 31 12 -1 47 78 43 -89 56 -48 17 16 82 2 33 55 -5 98 -50 -100 -59 100 56 70 31 65 -84 -33 32 -73 -32 33 50 -19 -67 -1 93 55 -40 -91 -45 -86 27 -39 -98 3 59 47 12 -25 0 89 -89 -72 -2 -87 -96 -23 23 -39 -84 21 -81 33 
65 14 -18 -38 -26 -44 59 -69 -2 25 -2 -19 74 1 54 6 -13 -86 80 -70 -29 34 -78 41 -94 90 44 37 12 -16 53 40 -69 24 53 91 -6 71 59 -71 42 99 7 17 94 26 -83 -78 50 -8 -69 -69 2 -51 -69 -16 -63 -10 -79 -9 -82 -34 -69 29 64 -55 17 -74 3 5 
83 -17 -2 1 -65 3 80 51 -14 -18 67 -46 28 -99 -4 100 2 -36 -34 -17 -65 68 -9 -45 -13 -7 -96 94 -62 55 -1 -68 -19 -29 55 -7 -58 -12 -65 66 -3 -32 94 33 -33 98 -81 -94 79 -27 25 -38 -25 -30 -48 -78 -45 97 94 28 -6 60 52 -24 -68 92 -57 96 -45 -87 
54 -60 -76 9 42 56 65 -63 -40 13 -22 -15 -3 -48 91 -18 -97 29 60 -22 -27 22 89 8 59 45 -60 49 -28 78 -49 -46 -20 29 -42 91 70 92 -33 -20 40 -49 -58 8 18 -54 -67 100 29 49 33 -30 -29 58 -40 52 4 59 -3 85 22 -72 -80 3 -20 96 52 -100 39 -83 
-14 -91 13 -11 8 40 -41 53 -91 81 10 -84 -4 -10 -73 1 44 26 97 53 -54 -36 23 -88 -72 -6 -25 14 100 52 -51 67 -53 33 -5 83 23 -68 44 -46 -46 -31 -44 -50 -35 85 -38 0 38 22 -60 -8 8 23 -92 60 7 29 54 -3 -87 -59 10 79 6 94 -93 -86 -91 -9 
-66 42 -43 81 -23 97 -19 5 -79 68 5 -65 -51 43 90 -64 -18 -76 -24 58 76 16 -6 4 68 33 -21 5 33 19 -67 18 -38 -15 54 -98 -54 -82 50 -26 54 -6 40 80 -74 -74 -15 76 27 80 40 -70 -3 93 -81 -67 -90 48 -68 14 100 30 -66 -43 -36 38 -84 -61 67 94 
-51 14 -32 54 84 -7 -63 52 -91 -76 -77 -77 38 -40 86 -17 -31 -31 -48 91 26 28 -98 -55 -80 30 -46 -98 -29 -88 57 -46 40 -72 48 -86 -10 -63 -56 -57 -40 42 16 -95 36 15 3 -26 68 31 -86 -68 -27 11 -50 88 -38 -65 -65 -26 -56 -2 87 19 -9 30 -57 10 -59 71 
-12 14 11 34 -75 -86 -61 33 97 88 -42 75 22 5 100 9 -38 -5 -49 56 2 -40 -33 94 -55 82 -62 91 -35 -16 -36 79 -59 -22 -33 -44 40 71 43 15 -18 98 -50 41 -53 46 -14 -84 21 11 -41 -75 0 -14 73 62 -29 -88 79 -31 28 -80 55 -62 64 25 -98 25 -45 -6 
-91 -82 -78 -4 -94 7 -41 -10 39 -31 0 -65 -98 6 30 87 -25 10 77 85 -64 -66 29 -45 -87 -23 72 -43 32 -4 -83 60 29 63 -47 -65 26 84 -20 41 0 34 -11 -20 60 54 -68 36 -45 18 5 28 58 68 -71 -63 -33 74 -37 10 33 68 -60 40 -10 69 6 -62 -47 20 
-88 16 -84 -26 -46 -73 -38 13 45 -92 -13 95 75 50 -70 24 -55 18 -42 -67 -34 25 -40 -92 -87 73 59 47 21 66 -92 50 27 27 -88 -91 52 -30 -8 71 -69 100 13 -32 -87 -73 -6 96 39 100 35 17 -97 -37 -51 51 -89 -69 -49 45 62 35 -83 19 64 9 50 -11 12 96 
64 -5 67 -25 100 -39 48 -9 -85 -60 48 3 -88 -8 -91 -2 37 61 90 25 3 53 58 -94 67 40 -13 -97 52 -79 21 4 -58 1 -14 -26 -92 -83 74 30 50 15 -73 -99 -8 71 -70 87 34 19 -81 -42 -52 5 5 -23 -50 -26 -54 -33 52 78 23 99 -22 -28 90 -37 28 -61 
-60 -46 94 -2 1 51 10 82 48 -40 66 21 -97 -14 -44 -28 -84 38 -33 32 87 85 -91 25 -35 -44 -85 100 0 -17 -95 -2 -22 51 6 20 71 -71 49 92 -99 -73 75 63 -2 40 48 -46 70 14 -33 -21 -95 -6 -39 18 -12 -50 -14 25 -50 -60 54 56 -38 69 54 9 63 4 
-39 -50 86 -39 63 -47 -46 15 19 -66 -47 -53 72 -73 -63 91 -29 -36 26 69 27 86 -60 -75 -78 -63 58 31 80 40 -49 -71 47 63 -40 35 -98 24 -58 97 -18 91 -24 -20 32 -16 -15 -21 5 -24 4 28 13 55 -4 50 -66 -68 98 24 -15 -76 -63 -24 -71 -43 25 70 41 23 
47 6 -12 77 -100 36 -18 20 19 25 -48 -69 72 -73 -86 69 10 69 -90 33 -86 -31 87 66 0 14 100 14 88 26 -40 -26 -60 37 32 68 34 -13 98 1 62 -85 -55 8 -41 79 -4 26 67 -69 -95 -82 -100 79 27 0 -42 64 80 93 66 90 -50 -50 5 66 -56 -98 2 -51 
-88 19 -28 -85 -23 77 -41 -91 84 21 -47 -9 79 -1 99 -88 45 44 43 25 89 89 -84 -64 34 10 69 24 97 1 39 -85 -73 -96 -12 23 89 -84 70 -88 16 -30 100 -15 -72 16 28 -4 -22 99 -45 20 35 62 39 56 -32 97 -55 -83 -13 -70 -94 90 91 24 -46 78 -19 100 
-47 -38 -34 -27 46 28 96 16 28 56 22 36 -16 9 -31 69 2 -76 -33 -6 -45 15 -3 -51 24 -41 -73 -37 43 -27 -75 100 67 -84 42 74 80 52 24 43 -8 23 50 87 -30 -84 29 -33 -62 41 67 -25 -43 -73 -18 -84 0 -18 70 -29 -68 -59 -44 69 -23 16 86 86 5 -82 
80 28 -31 63 -17 -94 45 9 -54 54 -70 43 -39 -97 30 84 37 16 -91 -13 -29 -28 94 -54 47 -63 -18 -97 -4 -7 -4 -2 79 -32 37 -34 8 -68 -27 -13 4 19 52 93 -51 -42 94 -19 80 90 59 -94 -59 -97 54 71 -54 -79 -87 -87 5 11 7 21 -15 -29 -31 -97 -37 -69 
38 -44 20 -28 -93 25 -11 -73 -28 82 65 -24 -29 76 -69 55 -23 53 -55 -33 38 -78 -36 -61 -5 12 20 57 41 -16 36 -92 -8 -92 -37 42 72 -33 97 50 -60 -79 -22 61 55 7 -80 39 -71 34 -52 -69 -22 26 49 -49 19 -82 -89 -76 35 70 -41 -39 -52 17 64 18 75 -100 
33 -70 70 43 79 75 75 2 -90 54 -69 -16 -84 56 -11 -51 -49 -77 -65 -85 35 12 -87 -27 32 54 -93 -66 53 30 24 60 12 -60 69 64 26 -18 -38 12 17 -14 -18 88 75 -16 82 -72 -30 -10 -29 8 -30 21 89 -41 20 71 -21 -47 69 -11 39 -1 -5 9 90 -95 -91 37 
-42 -33 -51 54 -16 58 -39 26 98 67 -32 15 60 3 28 -8 -42 87 -92 -94 10 3 -35 -80 -3 69 71 66 -11 41 87 76 84 26 83 75 -94 72 -23 13 -8 -40 -55 10 16 -36 24 37 1 38 -66 -20 58 4 72 38 20 -34 -14 -3 10 5 -41 12 -8 -2 91 -45 3 50 
-37 -38 33 64 92 9 82 97 65 -30 -23 79 31 64 57 -15 93 -31 44 1 -40 88 19 -61 61 -45 -5 -54 86 83 86 0 -48 70 -87 -56 46 -6 -53 39 -43 4 70 -49 70 -75 -66 62 -62 -2 -68 -94 55 -8 43 -19 -99 -59 50 10 85 -37 -28 -68 -37 25 -23 -100 -10 -24 
-49 85 -50 24 -94 21 32 -32 -24 40 86 40 93 -99 -37 -49 -82 -19 -86 24 -17 -68 99 2 56 39 89 -27 68 27 7 -75 71 91 61 -53 44 72 -79 12 98 62 -49 70 63 -62 -68 24 -26 -12 87 53 6 -95 19 -74 2 -87 -61 -58 37 -21 24 50 61 -50 20 -83 -41 37 
9 -33 -43 33 93 77 63 96 13 -95 -99 50 -94 6 41 -16 48 77 -33 -84 -21 83 -58 -82 -13 -2 -70 -18 30 7 -89 -66 -95 87 42 -89 -8 61 -76 9 52 83 -60 -52 -36 14 -78 96 81 -26 99 -12 -24 -14 -54 68 -28 57 37 71 25 -97 -87 -95 54 49 58 -83 89 82 
-89 34 -7 82 3 -69 -21 21 1 93 -27 -32 -65 77 -83 -75 65 2 -84 -43 83 88 37 -60 56 -25 -38 15 65 -3 43 -81 -49 54 95 -97 25 -58 -66 48 18 -41 26 -30 15 46 -89 69 71 29 75 17 -10 -74 82 -72 56 57 -55 -8 -71 -33 16 91 78 6 -71 96 -29 81 
-84 60 25 30 -59 -57 -60 77 63 30 18 -42 -74 -27 -51 -85 44 -55 -31 -100 -20 -39 -41 -43 -4 -69 40 87 -44 97 42 25 -46 -27 71 47 81 -41 38 -81 -8 51 -3 15 14 98 88 -17 2 -80 -76 27 62 50 19 14 -45 84 -24 -22 -96 8 -2 -32 37 -76 -56 24 -36 1 
-9 45 -71 -65 24 -40 -32 -2 38 80 39 -95 -46 -92 24 -35 55 85 3 -23 59 70 -60 55 10 -22 -77 -40 49 -11 -33 20 -59 13 84 -52 12 -76 -94 -100 -26 -60 71 -32 59 -28 20 99 98 -48 -91 -97 -85 -52 -71 67 75 -89 11 19 -1 12 25 3 15 -90 9 32 -23 -6 
-20 75 -82 -98 -69 -28 94 35 -1 33 80 54 -87 70 -64 -4 5 -90 45 73 -43 -64 -88 -18 15 32 99 -88 -61 -12 71 -28 -38 45 96 -29 30 -92 -4 91 -35 -42 -62 -93 -49 -6 75 14 -100 98 25 13 -76 -100 -2 7 -95 40 -88 39 -45 -70 -29 -51 -28 42 69 43 24 -29 
33 -88 41 -47 8 47 71 -53 -45 -79 33 86 91 -28 23 1 70 -99 50 -46 -56 -92 -16 67 28 -53 -12 -48 -61 -77 13 -26 -78 -49 43 64 32 -41 63 75 -76 -68 96 -84 -98 36 67 46 -94 82 -19 23 13 -70 60 -53 96 -100 47 -92 -79 -47 -83 20 -57 -95 -1 -45 -41 94 
-31 -17 28 -42 -82 20 -27 95 -18 80 17 -37 64 -14 -81 22 48 95 -10 -57 -58 84 30 -97 -97 2 -25 24 2 34 -14 10 -78 -66 -69 -32 -90 -5 -49 9 25 -91 -38 60 0 70 84 -62 90 -32 27 -82 -58 42 -4 -1 58 -69 -85 26 -61 59 -85 52 -28 -94 -64 -86 -86 52 
30 -95 -10 83 14 -92 -68 -2 -34 11 -78 -57 56 98 55 38 17 -1 89 -68 21 -77 79 -88 -38 -54 -11 -85 13 -59 23 -36 -11 -11 65 57 -92 -34 68 44 18 87 20 86 -57 -37 65 -89 -31 -16 78 66 98 -56 -33 -46 -27 96 92 72 -21 68 40 -98 97 2 -47 54 -71 50 
79 -49 -9 81 25 -17 -6 24 -60 39 -38 -31 -63 27 97 -80 12 49 85 -65 -54 80 -58 15 58 33 -1 -84 -78 91 89 -41 55 67 23 -63 65 -50 27 84 29 94 81 88 -77 -38 -38 95 72 84 50 12 30 -22 -41 -9 46 11 69 38 -96 -16 35 -85 14 -81 -65 -27 84 18 
40 -97 35 26 -21 89 -24 98 -91 59 -91 90 74 29 -16 -67 99 -11 -71 -21 26 -25 82 -48 -98 -97 -96 -14 -47 -82 -42 -4 40 11 -2 73 50 26 -53 25 4 31 61 24 -87 -10 19 23 45 18 -44 -97 -90 44 46 -34 -66 -58 35 37 42 62 15 -66 77 -95 77 48 -21 89 
-69 50 -32 88 68 -42 -91 -97 -66 -51 -52 73 38 36 -74 38 -44 -39 84 31 -88 -58 -89 71 -63 -35 -63 -98 -30 88 -3 -68 -43 -29 -42 -13 92 -75 16 35 -18 80 -67 -51 -83 -27 23 -60 80 20 66 -90 -33 10 54 -79 0 -43 -38 -28 12 71 -57 91 -84 -6 14 47 -41 -13 
79 28 -3 -84 56 -81 -92 86 52 -66 -90 62 64 -68 -93 41 83 -77 -48 -91 49 -80 -84 73 60 -64 -14 36 82 -64 -14 -27 18 -20 10 -17 -14 35 -37 53 38 -19 73 -70 -12 -71 -14 15 93 39 45 94 -71 47 -89 -2 -20 -55 -71 -26 -18 22 -14 60 -82 -87 -54 -93 12 3 
86 34 -2 -41 -32 83 -26 -44 -26 -6 78 -67 -39 -74 -64 90 -21 9 20 -21 99 48 41 -1 -35 90 5 -76 32 -99 73 -52 -92 -27 16 42 0 79 -34 69 -61 37 100 88 -88 -54 86 84 39 71 -32 -2 61 -5 88 79 -24 19 45 -63 -27 -41 -24 11 -58 -63 -47 -65 47 -22 
-15 -42 -26 0 -28 -56 78 -65 -12 -68 28 -2 -43 -76 -18 40 -20 -8 -31 75 53 -25 -51 43 86 30 -67 79 -29 -29 -39 -16 13 -75 -45 -81 -82 -55 35 33 -7 30 -90 45 -75 -5 48 67 83 82 -22 54 -2 -26 47 52 82 24 42 -83 -70 89 -86 51 -62 71 -7 -15 -51 -26 
-8 -65 0 43 38 23 48 -68 90 -48 34 -7 61 86 -59 -39 24 50 -92 54 -30 -66 -77 -64 -27 42 30 -88 82 -81 -97 -80 -10 -97 -22 21 93 2 -21 8 11 59 -11 86 42 -93 -19 -34 -16 -20 -63 83 -30 -8 -35 -23 59 45 26 -55 100 51 46 83 59 87 -19 -68 -14 -71 
