82 41 52 19 27 37 -60 72 82 62 65 6 15 -73 -85 60 -10 40 -80 -30 86 -57 64 -4 28 30 11 -14 19 3 82 -45 24 71 -64 -56 -91 -51 40 -41 87 -55 44 -32 -34 29 99 -3 3 -64 0 -3 58 88 -72 -27 -81 100 56 90 
51 21 34 -40 -68 -35 2 -13 29 99 -51 -44 67 -54 35 -14 5 -19 13 -44 -10 -96 -5 86 66 -10 40 54 78 97 9 27 86 -30 67 -44 32 -79 93 -53 -37 41 -3 -65 54 -84 38 -90 -77 22 -62 9 85 -5 52 -82 -45 62 -89 87 
-22 -100 -33 41 -50 95 5 19 -96 -74 17 -99 -96 78 -82 75 -84 -1 82 7 89 69 97 85 -19 57 -27 -27 -91 -70 -91 80 -93 -69 31 20 28 75 -14 -56 92 88 67 -84 -72 87 30 1 34 -60 -71 -61 57 -82 -70 -60 -54 83 -10 90 
-7 48 -75 46 86 -91 -2 -64 -61 13 -88 47 -91 -40 38 80 89 60 -56 -80 -42 46 42 -7 71 2 20 76 -8 -39 -36 35 32 -81 -87 62 40 21 25 -8 5 82 -87 -29 20 37 64 67 60 -42 44 84 -92 69 15 67 -9 -68 52 55 
12 91 67 -6 -95 -54 57 67 -9 -93 -88 -38 15 53 -34 26 92 46 -18 -42 95 -72 -19 -69 -58 59 79 58 -42 93 -52 -90 34 42 -1 30 -17 2 42 28 -58 32 73 -17 11 -62 23 22 55 16 -25 -78 -64 -39 -71 -73 30 53 89 4 
-67 -32 23 -75 -71 79 -94 63 57 15 -81 46 95 -67 58 -8 34 8 -94 44 -84 -46 -83 12 8 -81 32 -69 -98 80 -20 88 -13 -53 -35 29 59 -19 73 48 26 -89 86 -32 -62 -75 -43 91 18 43 1 93 7 -53 -68 34 10 -82 -15 -20 
-26 -13 12 45 -13 -72 44 -13 12 86 -37 -39 -78 -15 79 60 58 4 72 96 80 -51 -95 -92 100 3 97 49 -20 -39 9 39 88 -66 -61 12 -80 72 12 -86 -22 40 78 -94 88 59 95 -32 -16 -1 27 -14 -27 -81 9 -93 -97 98 61 -55 
-97 45 -25 -14 -41 -100 -59 -26 -92 58 55 -52 94 9 -13 -68 -41 -39 -63 72 75 -27 89 63 97 61 65 -76 63 20 18 61 -88 -57 -10 -19 -7 -31 -33 7 -75 -7 -26 72 -52 -38 -96 41 95 9 -79 19 -86 -53 -71 27 59 90 89 -16 
-81 91 -14 33 28 -12 12 -56 95 -35 31 -39 57 7 2 -68 23 80 -11 -28 82 -37 4 -19 60 -97 93 -46 16 0 -38 31 -89 -41 -21 19 31 -59 -25 6 54 -36 -100 -17 -37 -5 75 16 80 -77 -59 -96 -1 16 0 -3 -91 17 -9 -48 
14 -42 -7 22 -53 -5 -72 -4 -1 29 75 44 76 67 23 -59 -35 42 35 -33 61 20 -53 16 71 -55 16 -86 12 -52 78 62 7 62 89 45 -78 -56 26 -59 -40 57 77 -44 -21 44 16 100 15 -49 -63 33 27 13 59 -42 -13 -86 -66 -99 
65 71 -99 -9 -23 33 83 -78 -25 21 99 -67 -35 43 -74 34 -18 -57 -72 47 -66 69 73 73 41 32 -97 15 -49 12 63 -51 -26 -46 51 -73 -75 -36 70 -78 -95 26 60 -35 83 6 -82 80 -19 88 79 59 -25 72 -58 -27 -69 -77 70 -70 
47 33 28 4 90 28 61 80 -85 -97 50 98 11 -58 95 -22 -22 -97 -24 69 39 53 65 0 -66 45 -76 90 43 61 -61 23 2 -68 85 80 77 37 52 -25 88 -47 -27 9 12 41 74 28 -87 39 58 2 55 -46 30 -30 -72 -42 100 88 
-59 -2 -64 -15 -35 34 40 59 0 -44 -58 -49 11 -46 36 -72 83 17 44 -22 10 -45 55 29 -74 -95 -52 96 -14 -37 70 -39 -70 26 -16 25 -15 -8 77 37 68 -59 54 83 66 -94 93 -33 -79 -96 66 -83 36 -43 0 -90 30 -17 78 0 
54 -88 21 -37 30 -54 -92 32 -68 -41 51 83 37 98 64 3 7 34 23 -73 84 -8 -21 42 -23 -65 -1 -19 -70 -74 -26 -54 54 0 64 -90 28 27 25 12 50 -89 54 -5 76 -33 45 -11 62 -41 9 -86 -9 73 -42 -30 -48 23 63 -59 
12 -27 -98 38 31 13 96 73 42 -42 -82 -85 83 -44 63 29 16 63 16 58 -71 -11 -39 16 -63 43 55 -45 -23 54 32 11 53 5 27 -42 -52 -73 25 23 28 -75 -84 9 -57 15 -23 66 -71 72 20 40 -67 33 -33 26 36 -10 -42 -63 
50 -20 -4 -84 -84 -43 27 40 27 5 0 -39 25 -97 9 -31 -94 42 -50 21 -29 2 0 0 40 -33 54 12 38 8 -88 78 68 75 -14 41 66 54 -49 72 0 27 52 -36 21 -38 -55 -70 -81 -19 -2 58 -89 -25 -95 -45 -87 57 52 47 
5 -20 -75 25 78 77 87 29 -67 84 22 -90 84 30 -83 96 -8 3 -5 -48 18 -17 -62 10 69 -6 15 -83 -61 -98 74 -18 -37 35 69 30 7 -83 84 33 14 -40 -71 33 96 -58 -59 47 33 -18 -15 39 -98 -55 -33 65 46 85 -68 -90 
33 -15 93 60 -18 -9 45 7 -86 -44 42 40 -52 -70 -60 27 23 92 36 -10 15 -50 -95 -71 -30 -49 -16 -22 -28 -19 -95 -91 1 -65 -24 -90 4 87 -4 71 50 -31 -14 47 67 32 29 -6 -41 93 -27 15 -24 49 90 70 -16 51 -43 16 
-22 37 16 55 -67 -2 28 -25 7 46 -85 -58 -64 66 47 -13 39 -10 -80 -71 100 -30 -23 -15 50 -60 -2 86 27 22 100 19 -71 19 9 63 41 27 -69 -14 19 44 -92 61 9 -83 19 -48 30 94 86 -16 63 49 -100 -6 26 5 82 30 
6 -8 -85 -54 46 60 68 -60 -14 58 37 -14 69 88 -53 31 -55 -16 -70 55 -23 -50 7 74 -15 11 -6 -3 -71 -12 63 -95 -75 -87 -31 -34 92 42 -10 -65 -15 -20 13 -16 73 93 -1 -4 -65 85 36 -38 92 8 20 -97 -25 -5 27 18 
-7 50 25 8 17 -24 -77 -2 75 83 -16 -83 86 68 -89 -75 80 -80 -46 88 17 -23 -44 -62 -74 97 14 20 -33 -34 21 -76 11 78 66 -75 98 -71 -35 51 66 86 -80 -27 -2 -63 99 19 -81 79 96 10 0 -18 -80 -14 12 -9 17 -12 
-33 -2 33 92 74 -75 43 88 -49 -28 11 69 -32 -18 -20 -58 14 -99 67 63 46 69 -85 76 26 98 12 9 -36 -64 -79 54 -55 -100 72 35 15 -19 -6 -35 61 -98 -77 -64 74 -69 56 64 66 24 21 -64 40 -79 -86 98 10 75 -81 -86 
99 -52 -12 -52 48 45 81 -93 -29 -62 -1 90 42 -17 -12 98 36 18 -17 -83 26 20 68 -93 -46 27 -84 60 49 -73 36 -32 -77 45 52 -24 92 -38 -38 -32 39 10 96 -3 62 -84 -89 -85 76 -63 -67 51 -1 22 -100 63 -56 58 -61 -39 
1 -70 -92 -24 -71 -59 -42 -77 61 49 42 -79 48 -26 -87 46 -80 90 -86 48 -6 31 -42 99 -86 45 29 48 -34 29 -39 11 24 97 -96 23 43 -20 26 57 -57 39 58 21 97 87 -98 100 -2 37 79 -17 -63 -95 -20 27 81 38 -39 39 
100 -58 2 -29 -33 85 -82 26 1 10 -87 90 14 -96 -37 61 28 70 68 -9 65 -93 65 87 -10 -95 -83 72 52 47 -28 -68 25 97 -72 89 -65 -46 43 -31 35 81 31 2 8 -57 5 -91 1 -87 18 -66 -34 -67 14 -11 44 -17 76 -70 
-81 21 -98 -56 1 98 71 48 45 -39 17 -87 -70 -51 17 18 100 63 -33 -83 13 78 84 31 -44 33 100 -29 84 26 86 -89 -24 -28 -55 -49 -7 48 -91 -77 -16 -66 -35 61 -28 33 -66 80 -38 -51 -91 97 48 4 36 43 -25 -43 4 -18 
28 -99 97 22 76 -86 88 -74 -13 13 -97 33 -47 -54 65 -78 26 -85 21 91 77 -76 78 47 -36 -61 7 9 95 -66 60 24 39 -56 -3 -60 48 -98 -40 -19 26 -35 39 -29 -30 -75 27 -5 -75 -29 -63 40 -48 5 -54 28 -63 -86 2 -14 
38 -61 -27 -72 55 -33 -30 64 -51 12 -4 54 -60 84 -52 90 9 70 -85 -48 -88 26 86 -86 -100 -4 -83 71 -95 -34 21 -26 -58 23 -30 -44 74 62 2 60 -83 -69 7 -7 -25 -86 33 -49 -88 2 16 -30 -56 7 -19 -72 -47 24 -91 -23 
-95 9 13 54 94 73 49 -70 43 -7 5 -34 -24 47 -39 -50 8 5 13 -84 -62 -5 22 -92 75 36 -58 33 7 -51 45 -72 -18 24 82 81 38 -14 59 76 -20 -73 -60 -13 40 88 -46 -72 51 -77 68 -17 17 51 -15 -85 -99 50 30 -99 
48 -90 -29 30 7 26 10 -37 -46 -22 41 -35 -91 13 -40 98 -88 61 73 51 -22 67 -72 20 -57 41 -58 16 12 -63 -71 -12 -19 -55 13 44 -86 -8 49 37 -85 -79 32 28 -39 68 57 -66 86 88 -43 -67 12 45 -93 -100 45 99 78 -46 
56 44 -95 -82 -38 17 100 -50 -91 62 39 8 -23 71 28 -34 12 37 -14 95 -14 49 -21 48 -82 -77 23 80 -52 1 67 -76 89 40 -5 -59 78 -66 -51 -9 46 65 78 13 -73 -24 91 83 93 49 -24 22 34 80 12 97 -98 18 84 -74 
34 -85 31 -13 82 99 21 -48 -99 44 -31 99 -89 -73 -23 -66 54 -59 -44 66 85 -64 -59 -68 75 -68 20 88 49 -4 -73 18 99 37 19 -64 1 -87 -53 -18 17 -49 -22 25 99 -20 84 57 -36 -6 -61 4 -2 -82 -90 -75 -10 -32 -89 -66 
-47 38 -72 69 -68 33 -38 90 99 -93 -27 67 -40 21 19 -50 -99 -77 -12 -43 97 -87 53 71 3 -33 77 96 -83 -73 31 -72 -5 27 21 -27 -24 -33 -46 -24 -81 -57 -8 -9 26 -6 -57 -32 -43 -69 -26 -78 70 0 64 25 71 -79 7 -13 
-79 99 100 1 39 59 -97 32 -49 -74 -74 -1 -60 7 93 -12 89 -90 31 28 -79 -28 -99 37 -83 58 57 76 77 15 79 76 66 82 52 40 63 39 -9 27 -86 -84 -3 -71 -63 65 -63 54 -51 18 -54 50 -47 72 65 50 -23 89 -91 -74 
-55 58 36 -88 -67 -30 11 -75 -23 0 -87 -84 -5 66 59 94 -75 17 16 91 3 -99 23 2 95 68 15 30 -8 34 21 68 54 81 -27 54 -54 -62 -5 49 -43 26 -95 -15 -28 19 -56 -38 99 5 68 57 59 -87 13 20 -73 67 93 -69 
81 -47 58 -62 -17 -11 51 56 -58 66 -1 -99 -40 51 52 84 43 -92 -38 71 -59 79 12 -63 73 -66 35 -78 -13 -54 16 11 -29 -43 30 -35 2 -89 27 -87 15 -27 -44 48 9 -61 22 0 43 -39 6 -62 91 42 -87 55 -49 46 -3 -94 
55 96 31 -1 -89 -78 -94 -51 -3 -4 71 65 -36 56 -11 -6 -3 83 -15 -10 -73 22 -78 73 -9 77 93 -79 50 31 59 -4 -38 0 -43 -77 -3 -100 -17 46 -39 85 -38 -45 -59 -80 -65 -56 95 91 -37 4 -30 40 14 67 8 0 67 -4 
-61 -36 -61 24 -28 41 17 66 -1 -56 -94 66 -9 -14 78 -52 62 -68 71 -85 53 -81 -46 82 -99 76 -45 -40 97 -81 -95 59 -62 24 8 46 -79 85 -24 15 15 17 77 58 -70 -38 72 -62 -11 4 42 44 -89 75 -59 -27 25 -36 -44 -3 
-3 26 -53 55 -48 -79 4 19 -21 78 -20 81 -35 -13 -97 55 -49 -6 72 22 99 59 98 -57 66 -14 15 28 65 -16 -8 -65 59 46 42 -67 36 64 95 11 -76 -19 82 -26 -68 81 58 -65 73 -20 36 24 12 27 -59 4 65 -6 18 -10 
85 -97 -60 63 14 -72 29 -15 69 88 -24 -51 -16 -20 96 -30 -64 -83 -3 46 9 39 -90 -74 -85 82 -28 -32 -59 -84 -69 -17 -81 -78 -44 -33 26 -8 -1 55 -7 -97 56 58 40 -60 -20 -32 16 91 79 98 42 -100 -17 68 52 82 22 65 
38 -52 -40 -74 -69 -36 27 19 -54 94 -81 -31 -67 -81 28 76 -41 62 -70 -39 -39 67 67 -36 48 76 -20 -98 -86 27 -16 -8 55 -67 -2 -75 50 45 -67 -82 -59 78 -26 -95 38 -57 79 -42 -53 17 -94 -66 90 14 34 -61 -78 67 -65 25 
95 -26 6 39 59 -98 -19 73 -4 -9 -42 29 -61 23 60 -10 -98 -73 -17 -14 -50 86 -14 90 -30 45 -60 -53 -43 -10 -14 -86 36 49 -87 -35 87 0 -90 99 39 46 92 -52 22 -27 -63 7 -34 -44 -21 -89 -4 46 -75 87 19 58 84 -81 
44 91 -35 -16 53 73 51 -68 12 29 -17 -23 -50 -66 77 -68 69 42 -10 -41 -6 -57 -65 16 -97 22 -9 41 -27 72 10 25 95 62 -45 -23 93 -85 -87 96 68 -73 -7 53 26 26 65 -19 -82 9 -27 -19 -37 -73 80 21 98 -2 -77 45 
43 22 -25 43 49 14 97 99 98 -19 3 49 -67 19 81 47 -99 -53 -85 11 75 -11 27 39 86 -45 80 -24 83 -100 95 -30 -51 -37 -51 61 57 2 97 17 22 -32 -98 74 -38 -70 -60 89 -28 -73 29 -5 66 -20 -39 95 -67 11 -24 46 
1 -87 23 -25 -55 20 30 -98 -40 -90 23 -42 29 -17 -47 50 -25 98 51 64 12 -88 -47 19 -98 45 -59 -95 -39 16 -27 44 -100 -54 90 -27 24 75 1 -18 59 -39 -83 44 -48 26 -35 46 -32 -43 -8 -55 60 28 15 59 -94 6 -90 15 
95 30 -74 41 -27 53 43 -85 11 25 99 95 -63 24 -58 -70 -17 29 -68 58 -69 98 -42 35 94 36 84 14 77 -87 50 -1 -99 -48 21 66 36 9 87 -73 90 92 38 72 21 -5 88 72 54 -63 -10 -3 -45 74 -35 -67 26 58 52 -22 
-89 39 46 -52 63 12 -94 90 75 -96 -14 22 -16 -29 -54 19 -100 16 12 15 -85 100 56 -58 -91 -50 -79 69 -22 100 -25 54 -87 -59 -85 -62 -94 19 -20 -30 -92 93 -17 89 66 -25 -19 94 -59 71 84 88 -47 100 -23 -17 15 -79 85 13 
51 -78 19 44 79 -33 -95 -32 32 75 -26 76 -69 3 -51 8 -48 -28 19 21 -64 35 39 -24 -55 -64 -74 -26 -64 -54 -2 86 -60 23 28 -91 -32 14 89 11 -65 25 -94 -25 34 -3 -81 19 95 24 33 52 -69 55 47 99 18 91 47 -31 
82 -72 -96 41 -29 39 -36 92 -29 13 64 -17 43 -85 -86 -41 -99 28 -19 78 17 -34 -71 32 -60 18 44 -56 -61 -19 21 -78 30 36 -78 92 37 -5 -48 -69 86 -28 -79 4 -59 -44 -41 -92 20 -22 -30 -27 -91 -12 -84 -80 -5 28 4 -38 
15 23 60 44 33 -88 18 -2 -35 31 -36 -8 67 100 47 -40 61 -3 83 66 -33 -51 -77 61 -67 -100 87 83 -55 -58 -42 87 -70 -21 -42 17 -22 -13 20 46 -38 -60 8 93 97 -48 1 83 -2 58 58 -79 34 26 -67 77 6 65 49 61 
-25 28 -83 59 95 89 -1 -67 92 45 30 -42 40 63 -60 95 13 -80 -26 24 38 -19 -81 -24 -72 71 -42 -41 79 6 -71 31 -11 7 58 23 83 -13 81 -1 -8 21 44 85 5 -14 -76 -33 95 12 -37 -40 23 -40 38 -39 73 15 68 -88 
-40 67 42 -74 -62 -66 53 -8 -92 86 54 16 28 -56 22 47 -29 33 39 -19 44 42 -83 42 11 29 -73 -45 -71 15 52 -84 -18 47 -42 -16 -60 24 29 53 62 15 10 59 86 -9 -64 87 -71 -88 63 98 -97 15 -97 -62 -13 45 -22 -64 
-82 18 84 13 -78 34 -20 -67 -45 -17 -22 40 50 70 -55 1 -33 -81 39 -75 0 -22 -7 37 -6 52 -6 -20 95 86 -45 -95 74 -50 -27 -26 -58 -41 -98 -18 30 -43 -86 -98 -77 34 -61 -13 -29 -92 14 89 -90 -70 -86 -81 58 96 -32 -93 
-12 70 -93 -62 -46 7 53 33 83 -64 21 8 37 25 61 -18 -26 46 50 55 -5 -58 58 -90 6 32 35 -97 20 -92 59 -32 33 -63 -46 -80 13 100 86 -38 -85 55 -56 -69 -31 31 -9 56 -21 -44 78 -30 85 62 -65 -21 71 86 42 88 
-89 26 -64 86 28 7 -96 -33 -39 67 77 64 20 -28 -34 87 -52 -38 31 -9 -26 -89 84 9 -91 87 -15 32 -47 -76 -57 4 77 -8 -63 81 14 26 48 99 -18 28 79 -36 63 78 -91 -25 0 -49 -78 99 59 -9 71 100 9 41 -92 12 
88 -77 -26 -43 -3 -15 -44 50 -92 43 -97 17 26 74 8 -71 -42 -29 37 -14 -11 97 86 -5 -30 70 100 73 38 -34 96 53 -25 96 -84 -95 -60 49 -13 -54 4 -73 31 -2 38 73 -23 -79 4 28 38 -78 -66 -2 -82 -2 -76 -80 -31 55 
4 -18 93 71 85 -84 -57 56 75 54 -2 -17 85 42 -62 -40 -20 17 31 -63 50 -81 84 31 -22 16 35 97 66 -21 52 -90 85 90 -53 -41 -51 30 -56 -41 -98 -44 -83 12 20 -16 36 -96 63 -50 41 -86 99 -84 34 14 -18 98 55 -72 
-49 -42 24 76 50 -80 35 -51 45 6 14 0 -38 -86 -77 -34 36 -88 -17 -6 52 -74 56 -59 45 21 36 -74 17 -51 25 85 -89 -22 -71 44 75 -39 -39 -70 45 -63 -36 31 -15 -74 -38 -7 -27 -7 9 -50 -65 19 83 72 -20 -73 91 -11 
-14 -70 7 27 -37 4 -30 -76 -70 20 26 61 -42 48 37 10 -28 -29 -64 94 -8 -22 90 -45 30 -45 27 -100 -15 24 58 51 90 -22 -90 14 20 -86 8 4 71 30 66 58 -5 -27 -4 -93 77 68 -35 -21 11 49 97 47 72 3 18 -94 
33 28 84 28 23 -55 -20 -89 7 74 35 -32 -59 -97 -26 -84 -41 -28 -45 1 62 57 -80 -18 -78 30 -8 22 -23 65 73 94 -92 65 74 11 72 80 18 74 94 -92 14 -27 30 -66 69 5 -87 -2 -38 -21 2 89 -41 97 9 11 75 -53 
