-41 -62 -72 -94 44 19 -17 -5 -23 -92 -25 -95 -34 -15 52 -14 -2 16 -63 14 -31 -79 -87 79 92 47 16 30 20 38 40 64 -91 46 5 14 13 -85 73 93 -54 -94 -67 -75 -7 71 69 -46 20 67 3 68 -80 -8 -22 -95 -74 70 -35 -57 -37 55 98 -6 9 -5 -35 46 49 -20 46 -44 -24 66 48 -81 -86 29 -27 -67 
-41 -61 -28 87 -25 -15 30 -28 98 -47 -26 85 73 30 -96 37 12 -3 97 99 68 -94 -17 45 -43 -43 -18 -93 21 -77 -70 75 -88 -31 77 -39 -32 39 -73 81 52 -75 -50 61 -29 57 -4 64 0 -21 16 77 53 -36 -37 94 -63 -42 -92 13 52 90 -43 37 42 26 15 -8 40 -71 19 -90 78 6 82 -14 -6 -92 13 12 
74 3 -22 -60 -88 -8 86 -25 20 -74 -69 -3 -98 -70 -47 -49 -94 -48 66 -63 71 16 79 58 37 91 -10 -85 96 55 37 63 70 100 24 40 42 -40 50 -84 -4 -50 -76 59 -61 97 -51 52 -50 88 24 -55 27 86 -92 -88 69 99 -28 -6 -26 -34 70 79 -28 31 3 -8 44 47 17 -27 -43 -88 -19 -19 -85 -64 68 -74 
40 -37 -68 98 -39 34 31 -61 79 -22 -27 -25 23 -61 84 90 17 -79 61 -87 19 -46 -40 5 43 -72 84 39 -95 -50 -95 82 29 -24 4 12 -52 28 58 -27 -6 13 -31 -11 -73 -84 -38 48 76 88 4 18 55 -33 -32 -26 -38 -4 -70 81 -21 97 -50 90 8 -95 4 60 -11 96 -64 44 -48 77 1 -66 -95 -23 96 -7 
-92 -47 16 -17 63 60 -83 -70 -91 2 -93 61 23 -99 64 34 -57 95 25 66 -10 54 -65 -20 -7 -19 31 -60 32 33 -95 -16 77 18 -73 -63 -38 77 14 -79 14 61 29 -27 92 100 43 78 -77 -74 -22 16 -64 -7 53 -37 -52 -30 72 -83 72 -18 97 -91 -12 36 9 10 -81 -65 -47 -87 93 38 -22 32 -20 68 83 99 
-32 8 -77 -18 88 91 -79 -4 -96 18 -53 -71 -81 -59 29 -10 40 99 -37 82 -1 18 -56 -33 83 -42 7 9 16 88 25 82 -56 12 -56 18 11 56 -18 38 24 43 -58 -24 -8 -80 89 -3 -62 -45 52 -38 21 -86 82 66 -1 8 58 51 39 -63 94 -71 20 -80 -7 0 -91 -58 19 -95 4 -2 -39 70 -74 52 97 94 
-74 -61 -99 54 -9 84 100 -51 -84 5 -21 -70 -63 -57 -99 -1 -2 20 15 -29 -8 -41 -44 9 25 -56 -2 24 53 47 -20 54 -90 -81 14 90 -20 -85 -29 -35 45 68 67 95 -56 -89 48 60 24 -55 66 59 -61 12 -5 -3 43 43 -7 66 7 -85 -46 70 -7 -27 -13 -37 24 -63 -2 76 -45 62 85 -93 -27 -68 -47 1 
0 95 88 19 -68 31 -27 3 -45 73 -70 -40 61 -99 -31 -89 70 54 96 -92 3 41 -100 70 43 83 -92 84 -53 -76 36 42 -69 -76 -34 86 -5 -11 -36 -14 7 -54 -68 58 27 -82 -1 -63 15 44 89 -30 72 26 51 -60 14 -42 2 -78 13 33 -86 -84 53 14 69 91 -30 59 63 10 -52 55 -29 -7 -28 -88 -17 25 
-24 -16 -9 22 -21 40 -7 -34 -6 -88 61 99 -82 43 -78 54 -30 -39 54 -27 84 10 0 -59 -53 -78 27 -80 27 95 63 77 -10 63 -68 -54 39 -44 91 -27 -70 94 44 -95 98 -98 4 -97 -21 69 65 36 40 19 100 34 63 -81 -95 46 6 -16 -68 11 -16 -90 98 -69 -80 -12 -82 -36 51 -48 81 -43 35 -55 48 -1 
88 -20 -26 -44 -68 33 -59 58 1 3 -75 -9 -20 14 0 100 -62 46 96 57 -59 32 82 95 -29 -97 -53 -18 39 -39 55 73 5 -80 -81 79 25 18 -84 12 91 -95 60 71 -72 33 73 76 -84 15 57 9 44 -63 86 75 -40 2 92 69 -7 -59 44 30 38 0 -44 61 -46 10 37 -51 -87 -56 -58 -31 -44 80 -42 33 
68 -19 -70 64 -83 39 37 -80 95 -89 26 50 41 -87 90 -71 -1 46 36 60 18 -13 -69 -50 83 -74 -24 27 81 70 99 -29 0 -55 -38 6 -35 94 69 0 39 48 -18 3 -83 59 -96 28 -46 43 90 -69 -86 74 -84 24 -83 97 -87 82 97 -62 -34 -31 6 -38 71 -65 61 -60 -89 77 52 70 -6 -25 56 37 24 47 
-60 -25 35 -11 2 -29 -6 -56 96 10 -28 43 -51 37 -62 -32 -84 -19 -40 91 88 -49 -8 67 -87 20 52 62 73 -53 -48 23 -26 -42 93 -57 -73 -17 -43 13 -52 -43 -33 34 41 -34 40 0 -25 -91 -50 42 -42 -52 -78 -53 72 -83 -10 52 -54 -89 -79 69 -88 46 -91 69 7 -94 -51 95 -55 3 -96 -75 -3 69 -67 -65 
93 100 72 -42 -48 -25 -88 44 35 -96 -25 38 73 -74 -3 -10 88 -3 15 -97 -79 89 -16 -74 -88 -72 57 -42 26 29 27 -91 -38 82 -37 44 -28 49 -75 -100 5 32 96 11 -72 -39 -99 62 2 46 -74 -12 57 -25 -54 -18 -13 -69 -61 -83 -25 -52 -65 39 33 6 -26 -97 35 -15 55 -49 41 -43 37 -14 -89 -87 45 -79 
69 43 8 -54 -93 42 80 -69 52 76 45 -79 -27 -94 -53 42 -24 3 16 79 33 -25 74 -100 58 39 -25 -58 -87 -52 -97 4 -59 -6 1 -94 53 55 27 98 -83 22 92 -54 5 -46 18 -8 -62 43 -4 -7 -87 -14 -58 2 -3 -73 90 -14 16 81 87 75 34 -38 71 -4 58 -28 63 90 38 -37 -83 92 -36 -16 89 95 
-89 -45 31 -65 29 -2 1 -74 -39 46 -15 55 20 28 83 -66 -90 22 43 38 -28 57 -10 -10 66 -60 23 -72 54 22 -90 51 -42 -66 81 91 -50 97 -68 -44 19 65 37 28 65 -90 68 -47 -24 72 -43 72 58 63 49 56 26 31 -51 93 -62 -8 -91 -69 -8 -87 85 93 -7 12 70 56 -90 -29 47 92 70 -67 97 -40 
34 -22 32 -47 19 79 9 70 -63 -42 -54 -28 -74 -55 -17 39 78 -64 -31 29 -82 32 94 -21 5 -1 85 -92 -84 -94 -94 76 -63 -77 40 34 94 -66 -64 45 89 -72 -77 -30 -96 -67 11 10 55 -63 8 63 56 88 50 -64 -83 -42 82 -1 15 -14 -61 69 61 -65 63 -43 32 -83 66 -34 57 8 -92 73 73 -43 70 -66 
73 38 44 69 84 -30 -71 9 20 -53 -21 -71 -91 73 43 95 -59 81 -54 5 -99 -33 67 -35 -7 14 43 -87 -21 -7 -18 16 80 100 -80 -100 -43 68 5 -8 97 32 16 87 85 -5 -39 51 3 77 21 62 -87 88 -1 -22 80 -43 -82 81 39 37 76 55 10 24 -96 67 78 -65 99 -92 45 63 -36 0 5 72 -22 -65 
-12 9 -10 14 19 82 29 -88 -49 -58 -68 -2 -42 -99 26 -1 6 71 86 -65 100 82 -65 79 15 89 -57 13 -21 -91 34 30 83 -82 1 44 -48 47 -11 77 -82 -29 12 60 -99 -9 -87 -78 28 -35 -47 -45 -54 67 83 -67 -2 67 23 -5 49 -44 71 -83 -86 24 72 -55 98 -67 20 54 51 -79 -79 -44 94 -98 56 -76 
-6 76 -56 -26 25 82 58 46 -32 -18 -42 -13 95 -5 -68 79 46 -63 -59 6 13 -46 71 3 42 -20 84 -18 21 9 -52 -63 -1 -44 43 39 30 -32 -38 -44 -81 -80 -30 51 64 3 84 -68 10 -80 -28 74 63 76 -80 -47 -70 -12 78 76 -34 -29 43 -37 -78 94 73 2 -20 19 72 -49 82 -38 80 -70 2 -83 -12 -90 
81 96 36 67 12 -94 -25 -97 -36 96 -88 15 -87 73 42 -48 -85 -47 96 48 -99 -72 75 -42 63 30 24 -79 -77 -68 26 -20 -63 -56 99 47 6 -82 99 80 -96 -95 -58 39 -16 -29 -56 -29 62 -85 -23 -62 -99 -79 50 -33 83 49 75 39 -79 60 0 -48 81 92 63 80 -75 18 -23 78 90 90 -60 89 -75 49 23 22 
-62 20 23 31 -84 -87 91 52 91 -30 -32 55 82 -14 9 20 98 17 -21 -97 63 52 51 77 -100 -99 42 41 65 -65 -27 -89 8 4 -16 -57 -14 -30 13 -50 90 -95 -36 -51 -22 54 -33 49 -7 27 17 100 -77 67 -85 29 99 42 -50 11 4 4 26 56 -97 -92 65 -50 11 41 -9 -78 100 -75 -21 73 71 98 39 92 
34 14 79 66 -10 -96 -27 -98 67 -98 68 4 64 79 -4 -95 70 89 -90 -21 -72 91 -86 -89 63 -50 -19 -16 10 -47 -73 31 -65 -20 29 -49 19 -60 78 -100 83 85 77 79 48 30 15 19 -23 -5 -26 -85 5 75 34 8 -41 19 43 2 -47 11 78 -43 26 -30 -23 -11 -26 -87 75 13 61 -16 63 60 -27 94 -75 25 
-26 53 60 -57 -35 -24 -49 -54 -27 -65 -100 14 38 68 -12 55 -69 29 -78 -58 32 56 42 100 11 10 -44 8 74 -72 44 -13 -34 38 67 85 -61 -29 59 -48 -52 83 -55 28 10 -28 10 -5 -6 -76 -81 45 29 4 -96 -28 44 16 -2 -44 100 94 -65 0 8 -71 -32 -85 -27 -89 -52 -3 -74 69 -8 -95 -68 -42 -58 26 
-41 -81 11 -15 -11 -92 -65 80 -97 -92 8 13 72 -88 -64 62 -85 -57 18 -6 47 -99 -89 -34 -97 -26 92 56 57 93 -9 32 90 81 -41 33 2 22 -81 -8 44 5 -64 63 63 -24 -13 -45 95 14 6 -1 21 3 -2 -66 -51 3 -73 58 -21 -78 55 77 93 63 -73 85 -78 -7 -96 97 74 -98 -68 -15 56 -2 -4 31 
30 21 61 17 -69 25 35 -54 -83 74 -11 90 7 -23 31 50 4 -67 -15 69 -1 31 -38 58 -7 32 -1 -2 43 21 76 69 48 -39 -18 -98 -53 -79 -49 -4 -55 -54 -64 -92 -47 -16 -19 -48 -30 8 30 -95 -18 71 -23 54 24 -22 -63 45 77 82 11 -51 -54 17 -76 24 -59 35 -59 -7 11 -55 -47 97 28 100 -21 -90 
18 77 -55 1 -27 90 30 3 -91 16 -62 1 -67 80 -60 9 -11 6 97 -68 24 21 -19 82 -39 -89 -57 44 26 26 -35 20 49 40 -57 -82 11 50 -40 -75 -79 -62 43 56 74 4 35 -76 47 6 50 -75 -59 64 29 2 1 -5 -73 -65 -38 2 -50 59 72 6 -25 -64 -88 -44 -96 4 4 -31 -61 -13 53 99 -75 -61 
-36 73 11 -94 63 -43 94 -63 17 74 90 -72 92 33 -97 -41 -29 11 32 40 -36 7 43 40 28 -47 -47 -99 23 -71 96 51 -11 -22 -54 -33 -59 -74 82 59 -85 -25 -81 -22 -28 -100 -71 -83 -14 -26 10 89 -49 -75 39 -10 -55 -60 25 -34 88 -77 61 -83 -43 55 -21 73 77 -88 98 -63 -38 -41 83 -29 99 95 75 -68 
76 -59 99 -64 -54 -40 72 -34 -46 79 -53 84 -39 32 57 51 -54 -10 16 54 -13 -98 17 18 48 45 24 93 38 59 -98 -56 -34 34 69 37 90 22 46 87 8 -22 -4 -24 -8 -74 -68 -59 -82 -16 97 17 -92 74 -82 -78 78 -53 -18 51 -87 -18 -57 47 -100 -34 -47 -96 -69 69 -77 -29 78 -95 74 8 -91 29 -39 58 
-71 56 43 -20 -38 -23 -97 -49 -93 95 -47 53 -6 97 -1 -68 -13 24 -52 88 -24 -35 0 -39 24 59 -51 81 85 63 48 29 -53 92 99 -30 41 51 30 -67 49 -29 53 -3 -88 -78 25 42 -95 35 -75 42 -47 -40 -21 39 -10 75 -86 -44 70 -45 -25 -23 37 -96 5 -57 -37 -93 -22 -93 -20 74 -48 57 -11 -17 86 5 
-90 -27 67 -19 46 10 50 8 12 -90 -70 83 -12 -53 49 32 94 43 37 -74 -90 11 69 -16 83 -51 71 33 46 -17 -83 55 -77 -57 52 -86 -81 26 81 49 92 -15 -3 44 49 -25 -81 -23 76 -53 66 0 18 53 29 -69 92 27 40 53 16 -85 -75 90 51 -41 -25 30 -35 92 -28 -68 -8 57 -62 33 -67 -93 57 57 
-10 83 1 55 -33 -27 3 -52 59 -98 47 78 -17 40 69 18 13 -100 -59 43 -84 98 -61 53 -14 -21 16 -87 -72 -38 88 -52 20 -5 -67 10 -5 -76 -53 79 91 -64 46 80 -76 50 -36 -47 -15 -91 46 -85 -17 -27 -49 33 14 36 -89 -80 76 37 60 -58 39 -28 27 25 70 12 7 -34 70 78 -52 -64 -56 93 -4 -65 
26 -27 27 -47 24 -31 66 83 -48 67 -90 -38 38 -75 1 45 17 46 -87 6 -61 -77 -20 38 82 89 -6 5 -6 88 52 25 -32 66 -29 13 83 -97 -73 96 78 -87 54 62 -65 -5 -61 -67 -17 87 -29 19 -38 46 88 -87 48 73 -55 -83 78 26 82 17 -78 18 1 -10 -46 -34 -70 21 -92 -47 30 2 53 6 13 -42 
36 11 41 67 43 -72 70 -43 82 91 6 54 82 60 -36 -55 -81 -44 54 73 0 -11 32 24 32 71 13 -33 -71 48 5 -48 95 -46 48 -64 82 48 -73 54 -46 76 -23 -72 -69 36 -58 -91 -44 0 -75 94 77 54 0 44 89 -71 73 29 100 -58 -31 -41 -22 50 -84 30 -6 -47 22 -50 57 66 83 46 18 -6 -27 -77 
-43 89 -28 14 91 -23 -24 73 -58 -83 72 29 -40 50 66 6 -47 96 -46 77 49 -83 74 43 -3 66 -12 -84 -100 55 -55 -47 12 65 49 55 -40 1 11 -83 -74 86 5 16 -21 -24 -54 -1 -46 -19 -77 -88 -69 -11 86 50 8 -16 -12 -67 -26 83 -7 100 24 92 -61 -84 -1 -88 42 52 68 -15 -8 17 -79 -64 -21 33 
68 -4 38 -56 5 51 -46 25 22 18 -57 -99 23 -7 -61 -80 -89 -60 55 67 55 69 -25 42 65 7 -12 -33 36 96 -81 -15 41 -69 70 93 -71 95 -56 62 50 63 -74 81 64 -8 -3 65 70 66 -94 -89 56 78 69 -40 -1 -43 -23 13 -9 63 -88 28 55 -47 57 -99 -90 44 -68 -33 86 -16 -52 -66 -84 -21 -87 73 
-1 30 9 86 -80 79 -20 -4 94 21 82 -55 14 -88 -25 -43 -88 -45 65 51 -62 44 -64 46 55 44 -37 -26 55 4 -22 61 55 -30 -72 17 73 -15 14 10 -31 -46 -13 3 48 -49 47 93 52 -81 -96 -51 23 41 -99 -98 33 9 98 -61 83 -62 -8 86 31 -76 47 47 24 -87 41 -62 -28 8 -100 -11 10 11 59 -13 
30 100 -6 19 35 -51 -89 -30 75 92 75 65 64 68 -60 62 23 -93 -30 28 -83 -98 -29 -67 -58 -49 15 -1 35 40 -47 -9 -65 -11 -97 89 3 87 57 -41 58 -73 9 97 82 -45 46 56 -60 -42 29 -8 -68 -47 75 -52 -2 -36 -36 57 -82 -42 11 -46 65 -82 6 -75 -10 56 -68 27 60 27 53 98 40 70 -72 -40 
-64 1 -51 -17 53 -42 -46 15 -2 41 -81 59 -38 -2 81 -79 46 91 1 -32 35 35 -12 -41 27 78 72 62 96 -36 -19 50 -28 8 -41 -26 -81 -72 -64 -39 -57 33 -68 -89 -1 84 -66 51 -97 -90 78 90 -24 -68 -73 79 18 67 29 29 -26 15 -63 -58 21 17 11 -94 -35 66 84 31 -57 -34 95 -37 -23 -53 95 -49 
65 -100 56 -100 -31 -46 68 -49 -19 39 -53 -53 61 19 -37 -80 72 6 -25 -94 0 -47 42 -56 -75 -66 30 -62 -59 -51 -56 -64 56 -92 -91 89 -82 82 -77 94 48 -1 -18 62 -64 51 45 26 -84 -75 -50 -76 -58 40 -68 31 77 -67 78 -41 -20 -70 -16 40 -54 61 -23 94 62 22 -93 41 18 21 -64 89 66 64 49 26 
-2 13 53 80 -11 -86 2 -44 -11 -38 71 45 -90 -75 -34 6 -1 -4 -14 -33 52 44 98 -87 80 -20 45 49 5 -22 12 -76 -60 -55 75 -49 68 -41 -87 78 -92 -100 98 9 41 -93 -40 -23 23 77 -96 15 -93 22 -83 -49 25 -10 59 -72 32 44 -91 11 65 -88 95 -59 31 -56 -21 48 39 73 -28 49 25 -25 61 -53 
39 38 -46 94 -62 -47 -94 73 41 -35 -1 -64 12 70 -26 100 -64 -34 -86 48 49 2 5 -14 -9 29 -79 -80 -81 -87 82 90 -6 88 -55 56 -28 -71 98 -66 73 73 82 -65 -68 55 84 -92 -32 -7 35 -13 28 -69 -75 -42 2 -77 -18 -62 94 -58 35 19 83 -1 -60 55 16 -81 34 96 -17 -26 71 67 -84 -59 64 83 
40 -31 7 53 -2 -77 -11 71 2 23 -87 -64 -26 -71 -94 -71 -43 -57 26 74 -89 33 -89 -42 -4 66 17 -74 -80 64 -37 -95 17 -84 67 37 -35 51 -38 38 -94 65 3 17 52 73 21 -26 85 -46 -8 -25 79 53 65 71 -92 71 -61 1 -42 -39 79 -17 -36 10 59 -92 93 39 -7 84 18 -83 65 50 -87 -99 -94 79 
52 63 -94 25 49 37 27 28 -44 35 19 -69 77 -69 95 -71 -31 -27 61 -22 13 -98 81 -28 72 43 -10 -17 22 -23 50 -72 4 67 -34 -73 79 26 -70 -47 -31 -68 2 51 -11 40 88 -7 -33 -25 32 64 -8 42 62 51 32 55 -54 70 -25 -37 34 85 14 95 90 50 83 69 -24 -56 70 37 -69 64 55 -31 -45 100 
33 -85 -8 -27 -33 -52 19 55 -8 39 0 -20 -33 49 7 -5 95 54 -45 17 19 -36 -35 47 -100 -18 -67 48 -36 80 83 -29 -76 54 -17 25 -9 30 92 -85 -63 72 -33 -36 -4 51 68 42 -54 36 -32 -63 33 -41 0 -68 -2 90 -45 -9 9 -24 6 6 69 9 -75 -42 10 41 1 -98 -37 51 -28 28 77 68 -19 50 
-17 -85 98 74 96 -53 -36 -38 -38 -11 -83 6 49 75 -27 -26 -99 21 38 65 -26 -76 -94 52 -7 87 -92 -21 -49 62 -25 26 2 -17 -68 -61 -9 51 29 -17 54 55 98 -25 -39 63 -81 -20 10 -31 -73 12 -30 57 71 22 100 19 -2 71 13 61 67 18 32 67 63 -8 21 -5 56 98 49 -49 33 -87 97 25 25 -24 
-21 8 45 -48 -79 -23 41 66 -54 56 -33 -75 30 -91 74 8 -8 -90 50 82 67 -84 64 -25 14 85 -13 76 -29 -42 23 -59 -44 56 81 -8 3 -6 51 2 23 51 32 -67 56 -35 3 54 61 65 26 77 -65 54 87 36 -80 -41 97 -11 -100 -15 43 95 -38 -24 -90 59 -85 -40 33 45 87 86 9 -81 2 33 -58 -74 
48 -15 -67 -84 -39 65 47 -77 33 94 33 -4 50 85 -97 -94 13 -49 -62 81 50 -79 -45 29 -57 -36 -75 26 -15 62 -75 83 -46 -22 -4 -66 -18 -54 -27 81 -58 -94 -28 -73 -36 15 78 81 -67 -41 -70 -5 -59 0 -24 -16 72 99 -69 -91 -43 -4 -38 98 84 65 -60 -8 -12 90 -94 37 3 74 37 66 53 7 28 -29 
29 -52 85 41 17 59 63 -35 -22 13 65 -83 96 -37 79 74 -95 95 38 -100 48 52 58 -52 -75 -77 -28 -32 -83 -64 78 20 -98 33 8 -21 29 43 -75 77 -55 -83 46 -17 34 29 -64 19 -60 53 -26 3 92 -94 70 -8 21 49 47 66 15 -93 -56 -39 21 -82 50 84 10 3 29 28 -5 73 23 -24 -30 12 19 -41 
-81 5 -34 -1 -58 -80 39 69 -97 -77 80 63 37 23 -89 97 -60 -86 55 -32 -46 12 90 -91 62 -45 -32 -70 -47 -30 84 -42 50 -91 2 -10 71 41 -70 34 69 -16 49 -98 -100 -4 -80 72 81 7 9 31 5 76 78 -68 -15 -43 -32 5 -52 97 84 22 -69 91 79 40 -55 87 53 -1 98 -20 -99 85 -18 23 92 -80 
49 39 3 74 11 -32 38 -1 -63 -45 -34 -69 11 40 29 87 56 -69 94 55 -1 16 6 7 -8 -79 -57 -26 58 10 -9 -70 74 -86 -16 85 -66 78 -61 -58 5 8 80 -45 82 42 52 -26 -97 -37 -26 -4 -28 76 -53 -39 93 91 78 -100 26 -24 -89 -26 -60 -77 -60 76 20 12 46 -43 -83 21 50 -33 41 50 -43 20 
31 30 -91 25 -6 48 -7 7 -63 65 -91 -17 25 -91 -56 -33 35 5 89 74 15 -38 33 68 63 25 -81 41 -54 -47 99 4 66 -57 55 25 37 60 84 46 9 72 -50 81 -22 5 -13 2 -32 -67 29 -31 -88 79 48 22 7 73 78 -3 -5 15 -39 84 -25 52 -59 1 70 90 32 -65 -75 -6 56 5 56 47 -82 4 
4 94 43 -1 -38 54 9 66 -94 18 -84 19 -99 -23 -17 -77 -97 -11 42 75 100 -88 81 -90 -25 80 -19 -15 21 -13 54 -81 39 -78 96 25 42 -25 46 20 67 -40 -17 70 -99 -26 16 85 17 -10 -7 -30 66 41 40 77 48 68 -81 -8 -34 -58 -24 -68 -80 12 16 59 78 57 57 -77 -61 -57 -21 32 80 -1 -68 -76 
23 -92 -56 25 -5 59 -93 -77 -35 -19 -80 -29 19 -16 -18 10 26 -49 -27 -94 39 -34 -30 14 -68 56 -20 52 -94 -27 85 86 -4 -15 50 -17 12 -41 21 62 68 81 27 -41 19 13 -8 -2 21 -60 44 86 -55 52 -36 -68 -65 63 4 62 -35 44 64 -77 -45 -20 -19 -4 -21 -44 66 44 -24 97 74 -1 74 -73 90 99 
10 99 66 -88 49 -35 -4 77 -99 47 -94 82 -51 -21 53 -50 -29 53 81 79 80 -48 93 24 -70 -67 40 -41 40 64 10 -28 84 34 -11 14 -63 20 -38 18 14 100 -26 96 -45 15 64 10 40 70 92 -5 -47 11 -57 2 86 -41 73 24 93 13 -85 57 58 91 81 -18 -32 -53 91 -39 65 -74 19 85 -24 51 34 -83 
57 64 96 -50 -94 37 -21 61 43 -8 22 -55 58 15 -83 15 13 11 99 -8 25 -92 61 -53 43 -94 -87 89 -55 0 -20 -72 77 -71 -54 9 -89 78 82 27 -37 88 -79 44 6 -22 3 -25 -8 -49 -48 71 -73 94 13 -38 39 48 -73 -93 80 -39 26 -23 -52 -56 32 42 6 21 55 67 -70 100 55 17 52 74 86 -86 
23 40 -57 -2 -89 33 58 -78 -41 -4 78 15 12 -54 24 90 -37 -91 88 -79 69 33 93 -79 -83 -16 -100 53 88 -68 13 -17 -100 -35 46 96 54 67 14 -21 68 -56 95 15 21 85 22 20 -9 17 78 -58 -65 13 -72 -62 54 28 -30 -2 -43 66 -14 -58 -78 3 -29 70 -34 -58 -37 -33 -90 52 -53 16 45 -78 -81 -52 
-3 -87 74 15 41 -99 -16 -91 -42 50 -40 11 35 -40 10 9 94 86 -30 63 43 52 10 -48 -88 46 -46 45 -38 -4 28 -15 50 12 40 -53 -71 -59 -69 87 -9 65 45 -37 -29 53 19 -58 -30 -24 -11 -26 -21 46 -21 -54 -60 -49 -59 -50 -71 -66 1 -92 50 -83 -77 -7 18 50 20 13 5 49 -16 13 -32 21 -25 42 
18 69 -26 -88 98 -73 -46 34 14 -61 75 7 20 -24 -25 53 37 5 12 -81 81 43 49 -30 1 70 -31 92 -48 -46 38 47 78 40 -38 49 -31 95 35 37 54 -85 5 91 -64 -24 -77 -74 -82 61 -1 88 -99 21 -99 -12 21 -57 -69 -35 26 37 66 -2 -27 80 -62 -47 -8 -8 20 -2 50 39 -39 -61 13 -89 7 -52 
3 78 99 30 -79 78 -13 -16 -82 24 -81 75 71 -70 -88 61 -31 -31 79 99 16 -12 -17 98 -18 -26 -4 66 86 37 -36 -35 50 -28 97 -7 82 1 45 -32 -92 12 86 79 5 4 -26 -95 90 -75 -84 62 -57 -14 44 58 73 84 -85 -70 -14 -73 51 97 98 -42 2 54 -71 91 69 72 -72 -88 43 -2 -15 67 -24 -60 
-4 -97 99 80 31 45 36 81 42 -17 55 -40 -11 -89 -35 93 -7 0 -12 33 -83 4 78 -7 -44 99 31 -43 -12 -11 -30 54 -62 -45 100 68 42 -38 -87 -46 34 43 -71 54 72 32 89 92 81 -29 -81 -75 87 18 -66 13 -12 -28 -94 -11 -65 -61 -23 -31 12 -31 -88 -82 56 -38 -34 -65 93 56 23 -49 -51 -77 -84 -90 
-6 57 47 61 -83 68 7 -67 59 55 68 35 6 13 89 38 87 88 -16 34 -61 30 94 5 97 -65 -98 -11 -93 -22 89 88 79 23 29 -98 -88 48 -72 -81 22 -95 -37 82 21 46 -74 17 93 -5 56 36 -69 7 -43 44 -67 21 45 0 -75 -49 -17 -5 -90 -17 57 -2 73 -38 26 18 13 72 -55 -48 -34 -20 -64 91 
-67 -86 13 -17 51 60 -68 -54 -88 -38 -23 60 -42 -50 81 68 -4 70 41 -30 14 73 -97 -89 -65 50 -25 7 60 0 32 -34 56 52 -65 46 -51 -67 -4 -36 -49 17 27 13 -35 -45 70 50 2 78 -60 81 36 26 79 -81 57 -14 70 -81 -80 85 -31 11 22 38 -83 -64 70 -72 10 26 -36 -85 9 -86 -73 -28 5 52 
-70 -96 -38 23 -46 38 23 84 37 -89 14 55 -87 1 47 -15 83 70 20 -51 -76 -32 69 85 99 -52 -9 26 -13 -40 -38 -61 70 -10 26 -42 -8 -12 100 56 -32 -100 36 -31 49 -10 12 -30 -82 48 4 -74 -43 -85 24 86 -42 73 -4 47 50 5 87 34 61 30 -58 37 -80 79 95 36 72 -23 41 -43 8 30 -51 98 
13 11 37 -14 73 -59 97 -94 5 97 -25 22 19 -86 -30 12 10 36 -13 -87 3 -73 68 -54 48 51 -62 83 -99 18 2 39 86 17 52 -30 -18 -66 -99 -98 -78 67 -56 -38 4 74 76 -64 79 54 -95 10 85 -70 -57 -12 77 -5 -34 -85 -23 -59 -14 -98 -65 -30 22 13 25 46 4 -39 49 35 84 25 64 -64 -61 -29 
-25 -48 51 -47 -97 -94 72 53 46 14 -53 33 -45 -100 76 -51 -45 -81 25 -22 -83 -53 64 -91 18 96 -37 -33 0 77 85 76 -91 80 1 54 -40 -54 39 100 58 -97 -4 7 68 -33 85 55 42 -81 -55 -8 93 75 89 -91 -76 -37 39 -48 78 -34 7 -58 -86 -68 -96 1 -45 14 -93 -30 -5 34 46 83 19 -19 9 46 
-75 -27 -89 -29 -40 4 -80 52 -81 27 -37 80 -91 85 66 -91 96 -94 5 -17 26 90 -15 -27 -78 -22 68 -77 80 24 86 12 -17 94 -67 79 -98 -10 -37 -1 100 -41 88 -80 67 87 -51 -24 37 48 58 32 33 -60 14 2 71 -68 -36 78 -40 -6 -59 26 -11 -94 22 47 83 -56 -95 7 30 -37 -41 30 -33 9 -79 23 
-22 92 24 88 -50 23 -39 -21 54 12 3 44 -63 -4 37 35 12 63 94 10 -97 45 -79 33 -47 86 89 -8 -23 14 -25 65 -39 -2 -62 -63 4 18 77 55 75 -65 -38 78 89 2 43 -43 -49 -39 4 12 -16 27 -65 18 93 -81 -56 -56 -63 45 21 -47 9 -95 -78 85 57 -27 9 43 -2 -54 -92 -29 -95 -83 34 2 
-38 -26 91 -73 -70 -71 30 22 26 37 -7 -99 -8 -26 -61 -37 -59 -51 -52 -66 -56 34 4 38 -61 21 -5 72 -26 -81 14 64 52 -4 21 45 -8 -32 72 -37 -29 98 -55 56 91 -96 -71 -67 72 38 -24 -44 -42 21 -37 53 -49 -23 -42 47 97 -71 31 -97 -33 -39 99 70 -14 -96 -19 2 -13 -42 8 59 -68 -49 -51 -58 
82 -63 73 88 -63 98 -43 -62 -1 -23 -58 -50 -19 2 -30 -40 24 -64 -56 -93 -36 -2 -24 -47 -39 -91 -40 53 -63 -13 -93 98 -64 -70 -92 -96 33 56 58 -5 37 -78 100 -20 -66 22 52 2 -43 76 -83 17 64 -71 26 -44 71 -22 96 -88 -45 -14 46 -43 -92 -15 85 30 -94 2 91 1 -46 -21 3 -76 -56 -89 14 -70 
38 -80 -100 -46 95 -55 -10 28 79 -89 73 -60 37 -38 46 -17 -46 -10 -35 83 -65 -90 81 -41 -81 95 71 -70 -83 -56 -44 -87 -5 74 7 86 -43 -36 12 89 26 -54 32 28 17 42 3 -1 -8 -58 -3 -81 46 6 71 77 -26 89 68 5 -62 -63 73 -41 -89 -2 -27 55 16 -73 17 87 32 -15 -78 41 -88 -50 -37 -85 
99 50 63 -48 -49 -36 -8 -89 -47 62 -99 -42 98 -83 54 46 95 70 -73 77 -6 0 100 -18 35 53 13 -43 46 21 14 -37 92 -57 79 -24 42 -39 7 74 -24 85 5 -29 6 -29 35 -9 -39 -25 65 -8 -59 73 -21 45 -60 -46 56 19 21 27 -56 -45 -7 100 62 50 11 -48 51 -16 82 -59 -89 -77 -79 -58 -52 82 
74 -4 3 -48 -5 -84 -92 70 -99 -77 48 -81 -8 -43 -92 -40 21 98 77 -43 88 -57 -44 6 95 -73 18 2 100 55 50 25 -74 -12 18 -20 -67 56 -47 36 96 65 -97 -69 -89 -84 81 31 -63 -27 30 61 12 4 52 63 36 -97 3 -89 -62 -97 -72 -45 55 -59 97 -79 -35 -47 -76 -14 11 95 90 -50 6 83 -90 -54 
-84 -34 -21 61 -21 17 19 2 -93 -18 49 -6 60 23 21 -36 -83 91 -80 -14 20 12 85 63 27 84 52 27 47 38 73 78 -82 -62 -85 2 -15 59 12 51 35 -71 -22 -98 -77 -18 54 36 32 -35 29 67 -35 93 -17 -67 -27 53 -30 94 2 -46 -31 -29 92 -51 -59 27 55 -97 99 -43 -27 -82 77 17 35 -13 -59 -20 
-59 96 12 94 -36 -4 -66 61 -90 43 -91 -58 -50 -73 -58 1 -32 84 62 -6 5 31 -6 -67 -40 81 67 62 -7 92 -73 -67 78 -18 -92 69 48 2 62 -25 -27 -2 82 -24 33 83 52 93 -60 87 96 -92 -39 37 -51 70 19 -47 67 80 44 97 -31 32 -97 63 -53 18 51 -10 68 100 -63 81 52 59 44 -86 -91 -48 
51 -72 34 -62 -37 -65 -3 12 -46 -84 23 -14 -4 -83 -85 67 -20 -61 -36 96 92 27 5 28 -2 26 39 -94 -81 -93 13 -67 -2 99 48 34 -22 64 68 -56 -66 -33 70 90 -9 5 68 -13 2 83 -77 69 49 -98 -5 15 25 100 12 -21 82 -77 -74 12 69 -97 -49 -7 -24 -25 38 -11 20 2 35 22 100 20 -45 -9 
-67 -82 68 -14 -77 96 71 73 86 -19 -45 -74 -62 55 -88 -5 59 49 47 71 43 20 94 -1 -41 89 -23 35 -43 -91 79 38 -91 73 -39 -8 3 17 -80 75 94 46 -90 -95 45 64 -1 81 76 -30 68 31 -29 23 32 31 88 53 92 -34 75 96 20 -81 16 -86 -78 -94 14 78 41 20 -95 -8 51 57 -65 -22 80 -95 
-1 20 -14 16 53 67 56 61 17 13 84 33 42 10 99 43 -24 -74 -58 -90 19 -25 42 -59 -23 81 -29 65 -47 94 -64 -92 -56 -77 -38 -98 94 -31 84 80 -92 -30 -60 -21 7 -92 -38 -80 85 91 -70 -63 64 7 17 -42 -94 -73 -97 -29 -72 51 71 -70 42 -77 -34 42 -32 27 -29 -58 -19 53 14 17 -44 -95 -34 0 
85 67 43 -49 47 -77 33 -3 -53 -79 93 -58 -21 92 91 -42 -3 -87 79 -72 -20 -7 50 -56 67 5 -93 -48 53 -11 82 -100 -94 -31 -6 31 64 -97 -23 47 3 99 -18 24 3 31 -11 -28 -67 89 19 -2 -54 -80 71 -44 -52 -11 -55 27 32 25 62 -83 95 80 53 99 -98 36 29 -95 87 -97 -34 3 82 96 21 90 
12 99 93 72 67 37 38 18 -79 31 -20 40 68 -76 -88 -41 -99 99 4 -11 62 4 91 88 55 -47 -26 -92 -27 -72 81 16 53 -6 -62 20 -40 -61 -42 -59 81 -91 -54 99 69 44 -67 6 2 -77 -59 -73 88 68 -87 -81 54 -5 78 53 70 1 -44 -41 -62 -88 41 -51 -74 78 83 -86 -56 -77 -39 28 -81 24 -1 -85 
100 -22 2 -73 17 72 9 -91 -72 -37 -9 78 -12 79 97 -27 -25 -37 -29 -45 55 57 -16 99 -8 53 3 92 77 47 96 100 89 54 -80 87 86 -4 14 48 -78 -83 34 76 -49 -87 15 -47 96 19 98 -51 93 30 22 43 58 98 65 9 -32 87 87 87 64 -8 29 -71 -35 30 62 92 -57 -83 15 -14 11 -3 89 60 
