14 8 -59 51 89 48 98 90 61 10 -98 -34 44 -84 -41 -11 -41 -25 -46 -18 62 7 95 24 94 -75 67 14 4 70 -31 -24 34 8 47 -60 -22 -12 -88 87 35 98 -44 -45 30 18 41 -94 56 -67 88 -77 -81 -7 48 74 -47 50 -76 68 -90 -34 66 -74 -22 84 -2 76 -65 -16 20 43 -55 50 -36 61 -51 58 47 -17 98 -40 100 -70 76 -20 -39 81 -13 72 
14 25 3 -81 -42 -84 23 -75 -20 89 1 -97 -53 16 31 -42 20 -55 83 55 -13 -89 5 80 51 -2 -47 -19 47 -24 20 11 -65 -94 -67 -23 94 78 57 76 -57 15 52 7 -55 -9 -75 82 7 66 25 91 -2 -46 -15 -50 -10 90 84 -23 -51 77 25 -9 59 -8 -23 29 39 46 93 -21 -12 12 -41 30 -25 -83 -65 53 64 17 -48 -80 65 66 -47 -38 83 24 
20 77 -66 -38 -78 -57 50 14 24 69 1 18 -92 -54 -5 -7 39 -4 -65 99 -100 -66 32 4 18 -25 -24 11 47 -53 -4 44 16 81 16 -75 -17 -22 -42 -29 -37 -28 34 -55 26 -63 97 27 -78 -77 -13 14 47 86 -12 46 -93 3 -83 -20 -21 -77 -16 -44 -87 86 -86 -34 -90 20 -52 50 -5 -81 -82 -36 -36 -52 56 24 -74 9 -53 14 -71 -74 62 -54 -17 -63 
-72 -93 -64 90 93 52 -90 -49 21 -83 -69 50 83 -61 58 62 -21 -37 98 -50 -59 -4 84 44 62 32 -20 -40 -66 57 -61 49 73 5 -1 14 -54 -11 -42 31 -59 -97 8 -35 -68 3 99 -86 -93 16 -38 -37 -35 -24 -9 79 -51 69 -48 -10 -53 -42 -95 78 52 -78 21 38 79 3 70 -73 58 95 -48 50 80 72 -27 84 -48 58 -69 -29 -37 77 -29 49 65 -40 
-6 -31 62 77 95 61 -23 0 25 10 81 95 50 13 16 -72 -41 73 -52 -51 21 57 -38 -21 -88 -96 25 35 18 41 81 47 30 -18 -10 77 86 -37 -95 30 -66 -89 11 -9 -77 -5 76 -79 -87 78 81 60 -84 76 67 -94 -58 60 11 -35 54 -75 -81 53 -29 -77 -28 8 91 61 5 -94 17 -34 -49 -87 -76 -58 -67 -42 17 -4 37 72 -39 -25 95 6 23 -59 
33 6 -67 43 16 60 -78 -49 1 -77 -37 63 52 -50 84 -8 75 50 -60 64 -98 -54 -77 34 1 -77 11 -72 38 -61 -64 88 -69 -5 -67 4 -63 70 -59 83 44 93 71 -53 40 88 -82 -84 -92 25 -90 -51 -33 -31 -47 -65 98 -60 45 85 17 -91 84 -58 11 -44 36 -16 -59 11 26 -93 -49 79 68 -90 41 -86 -17 -29 -93 -30 -44 52 -22 -69 22 99 -76 -88 
-27 73 20 -19 69 -15 36 -44 -30 83 -92 -12 -8 -72 -74 -20 -89 -17 -82 37 -32 42 -41 -97 36 11 -67 7 56 -32 15 63 -70 55 -1 69 -62 -65 42 96 -85 -76 -4 -47 -63 -23 64 -31 -22 -70 82 36 -6 11 -4 -17 91 46 -86 -4 72 -99 -80 53 -3 -97 55 24 49 -89 68 -6 -6 58 85 -8 -65 -31 -52 49 -51 -68 -21 34 65 -43 56 8 -1 -79 
99 79 13 -78 -40 -63 34 -39 46 74 -12 27 -77 -64 24 -1 16 -96 44 -3 93 -11 -13 -50 92 -94 -6 90 76 51 72 48 -1 50 -93 -5 14 -59 -76 25 13 83 -72 66 86 -28 -80 9 -58 3 28 -67 75 -18 -38 4 0 51 -68 86 -81 90 0 72 -26 76 28 66 -76 4 96 -19 86 -31 -21 -28 -26 -97 56 -8 -64 -41 -32 -81 -34 66 86 62 26 -89 
-83 50 -50 46 -88 -59 72 44 -34 -13 -40 -24 -42 65 -12 -88 -7 -91 75 -96 -61 -62 -59 1 -69 -63 66 8 63 40 23 -22 -88 52 70 30 -72 -62 -91 -4 26 64 74 -84 100 47 85 58 -63 -2 11 39 93 -4 -5 -69 7 7 79 15 52 42 13 32 -48 -71 -85 67 -42 51 50 46 -9 72 -73 76 -95 89 -75 19 -30 77 40 20 57 -97 25 77 -61 -68 
21 41 -83 -77 1 97 24 -80 88 -27 -39 73 90 -50 -98 73 39 92 27 23 -9 -42 -61 -72 35 -87 -72 -48 29 32 73 -59 7 -88 -53 -97 43 -54 -39 16 81 37 91 -54 72 73 -80 94 18 42 50 -19 -8 3 -74 -40 17 100 54 4 75 -24 82 -100 100 10 0 4 -91 -91 -58 -81 23 -12 57 -95 69 -65 -5 -54 -11 -22 -38 82 89 28 53 -51 -47 -82 
44 52 -34 -18 -89 44 -65 -41 51 -44 -83 -64 -49 -34 62 -83 -21 68 7 3 86 6 51 -25 -50 -97 28 12 -58 -35 -86 96 28 -38 -88 -100 57 -59 99 -76 72 -28 40 8 81 -85 -81 -38 65 4 -97 11 49 -77 -87 -23 25 100 -42 95 -13 81 6 6 43 -33 -63 42 -76 -50 60 8 69 95 47 -32 -83 91 36 -17 61 88 62 -66 -62 -5 -96 -76 21 -60 
41 18 -61 1 -21 26 69 49 -81 -57 32 66 27 -82 2 -84 -14 99 -85 76 -21 44 16 -46 -48 82 -85 18 72 49 29 -3 95 -38 -75 2 61 -17 51 -9 -8 34 -66 70 95 -62 -60 -49 -68 72 57 -78 -26 37 69 83 -10 90 -38 -84 68 -34 -38 7 -48 -42 -12 -10 -88 -90 -21 55 3 31 -66 -36 -91 2 -54 -14 55 -10 3 -46 3 98 15 99 65 -52 
-42 61 77 -33 63 -45 -51 -38 -41 13 -84 -27 78 17 -99 -57 65 -74 26 37 -60 30 62 15 17 37 -12 -17 14 -26 -86 10 16 -97 -81 -85 57 -97 56 -8 64 41 61 4 95 30 -75 91 -99 -47 8 -33 -13 -97 -3 37 -50 -79 87 44 -40 -64 74 -62 -63 -27 83 -43 -61 23 21 95 -68 -59 -16 91 -82 -82 37 -89 -73 31 -69 61 46 -8 84 65 8 -58 
-14 55 26 46 -50 -39 -68 -22 -75 -31 36 38 54 -60 -43 7 -59 31 -47 -52 -70 48 -94 19 44 36 -13 -6 59 -94 -94 -40 -74 1 -52 -15 92 71 -41 69 -15 47 -20 6 44 16 38 30 31 22 -49 -16 9 44 -71 48 -76 -93 65 38 54 -44 -18 -49 -50 -8 -89 -73 -30 -58 -99 62 75 -72 -56 -42 91 -49 73 -8 47 -11 -86 19 -85 -67 7 21 -53 -85 
82 -19 -66 7 -19 -17 35 34 0 96 29 -42 -84 56 100 59 97 60 -22 30 -100 65 -16 -28 -15 95 96 69 -65 2 -24 -10 20 84 -60 12 -25 66 -100 -77 46 44 -19 65 -39 62 -99 -56 -39 9 -49 58 -16 7 -86 -98 -66 -26 74 78 46 97 -28 -16 91 3 -13 75 93 -31 50 59 -19 -56 -22 61 20 -15 -67 -57 -47 -32 78 -47 -61 -76 -64 91 -78 -61 
63 86 41 -57 15 -36 60 -2 7 -71 -50 23 -53 64 77 -56 43 55 -68 59 -47 48 33 24 -81 92 60 -70 24 -10 22 69 -5 56 -97 16 89 71 -5 26 -16 -61 -65 82 26 -5 19 -97 96 65 55 68 71 60 14 78 -51 62 -28 92 -67 -95 -37 73 -88 12 92 53 3 -64 46 17 0 -83 -84 -4 97 -20 -48 -46 -98 59 26 69 -22 -29 -7 98 -27 -16 
-32 78 67 -98 -23 -52 -80 5 4 81 -63 95 24 -35 -90 76 21 64 13 82 -9 2 34 -24 -67 54 -3 15 58 81 -99 81 -22 -66 58 56 86 8 79 -99 -1 46 -57 -32 -74 19 -63 -60 30 -2 -49 -52 75 57 27 -49 -83 56 -35 58 -38 -74 -42 51 -73 -75 30 63 -68 -37 83 57 -90 22 -96 -87 28 -42 -68 78 -70 36 87 1 -65 -29 -55 12 81 -1 
-81 -15 20 72 35 16 -55 45 69 19 38 82 -75 72 3 38 22 94 -31 1 49 -95 50 87 -86 -77 -90 -66 -5 -91 -24 -55 -19 48 63 53 40 69 -4 83 52 59 78 -3 19 81 -45 21 -49 87 27 -12 -82 -69 96 55 15 -40 52 72 -50 -22 -81 -51 -97 41 41 11 -76 18 -66 -63 -83 72 5 85 -4 -68 -81 61 -48 80 -1 62 -24 -47 -72 -89 -43 -33 
-93 -19 4 69 -27 -97 -41 47 96 100 -25 -81 -9 41 -12 -30 49 -80 -48 -89 -89 13 48 18 15 72 72 18 60 -83 61 93 -98 -9 23 -93 54 -48 24 -47 4 23 67 41 -10 28 69 63 -18 58 -42 30 -41 31 8 84 71 2 -36 -45 -6 23 -55 35 -39 -50 56 -61 -66 -35 -67 -41 -89 69 -20 -18 -11 80 65 -81 -86 -46 -23 -85 74 4 -87 -16 15 59 
25 22 -24 35 83 98 21 93 -79 31 -62 32 -38 63 41 -48 26 -46 -4 -70 48 25 12 -94 92 -5 -52 66 6 -67 -54 20 -78 61 -27 58 -50 70 50 -45 83 -90 55 62 -35 -79 37 46 20 40 78 -92 55 46 -26 -55 81 -5 -41 -73 -95 -63 93 -7 -44 -77 -25 52 -71 77 -96 67 -66 88 -67 -90 -12 7 68 -35 -88 -10 85 65 -66 39 -43 -53 -44 -41 
-29 63 -78 10 15 -80 -2 -67 -10 27 86 -78 -39 -85 -7 -19 6 67 42 -76 43 37 -55 -60 -42 -52 -88 -43 85 98 -80 -55 -37 -63 -55 -10 -2 -12 -43 8 -65 73 46 -78 59 -9 39 -36 90 86 -92 11 29 -18 -87 34 99 22 27 -52 -61 -63 48 51 77 -76 -38 60 25 2 93 49 98 51 20 -35 -73 -34 97 -12 -45 -62 -19 60 34 -8 -80 40 36 -98 
27 -6 46 -24 -88 87 -54 -10 -85 -55 -55 58 -30 -53 -40 -11 -98 38 69 -66 -18 94 -80 95 -10 43 -23 40 -58 -94 84 -58 -77 -70 -28 17 90 23 -31 85 70 24 55 14 54 43 68 52 -32 24 96 52 -58 80 50 -42 -53 89 -38 63 68 -4 5 -38 58 17 35 -67 -64 -42 -55 -93 -85 19 8 -14 -81 -51 33 66 -13 63 98 69 61 98 58 58 -94 35 
-10 -16 77 -80 55 72 -93 -18 39 91 -44 -6 -93 10 -79 -11 -98 -32 -86 17 -39 -43 -72 24 -51 -99 -54 -5 -36 -64 -76 -92 -26 -8 -68 5 -78 21 12 -58 -20 97 -27 6 -14 -20 -64 21 44 -16 -79 -73 93 63 71 22 95 -14 -31 -98 -76 -86 85 -50 -71 64 32 -15 36 36 -98 61 -15 26 -44 36 13 56 -13 0 10 -50 65 -21 63 -86 -70 -93 -66 29 
-44 -100 -56 -93 69 48 63 -6 -45 -85 -45 53 91 53 -76 -40 -15 -97 -94 -62 -41 -61 -79 35 -56 -3 34 -78 99 20 10 23 -36 60 -25 43 39 80 41 12 5 64 -46 -77 54 37 34 92 17 38 -36 28 31 12 -11 -53 -15 65 92 -45 83 -67 50 -19 69 72 -79 -100 41 65 -19 -6 -6 56 61 -85 -57 19 -86 66 0 -40 -83 -30 -31 94 -83 5 -72 98 
57 -85 -55 8 13 63 53 -18 -44 52 91 -90 25 56 46 -39 -60 -32 -57 -81 -15 75 45 -39 -56 -30 43 65 -98 -49 60 97 37 -82 48 56 -28 -82 97 88 64 -47 20 -86 -1 76 -81 -2 51 -33 12 -11 -37 65 25 44 1 -74 -65 82 59 14 -90 49 19 34 -7 -86 -72 56 -98 8 -30 -14 10 3 -70 75 31 18 89 73 55 -56 -25 -82 -6 39 1 18 
-39 70 -17 -15 46 -74 -39 70 -78 70 30 -50 -2 63 42 -46 75 9 93 -31 -46 -6 -66 10 -16 -80 6 20 -98 -100 60 80 29 10 30 74 19 -5 36 2 -44 -28 -93 26 -94 -87 37 -59 -7 -32 16 22 68 29 -11 -11 43 -67 53 -90 -71 50 4 13 43 10 -37 -38 -42 -17 -71 -46 -37 69 95 -93 -80 -70 51 88 -48 -87 -40 14 -46 -86 -13 -100 100 -72 
44 29 -68 31 -49 48 91 -14 53 92 75 89 54 20 1 57 -92 -39 8 26 50 -18 89 47 -34 -75 -79 -15 31 -76 -59 5 9 100 17 82 33 -86 51 85 -92 99 -60 60 5 36 26 53 -11 -39 33 54 -97 -6 -62 84 66 1 -88 -92 -45 39 -70 49 -95 38 -57 80 -86 60 97 69 57 -71 6 -68 -51 93 32 -13 79 -67 -55 -36 23 16 70 -20 -61 -61 
52 89 -5 -69 63 -47 90 17 28 -35 -3 -88 95 -53 -97 14 45 48 -32 39 51 11 22 73 -11 -24 -38 -70 -53 14 11 7 -29 48 17 -48 -13 -66 17 13 71 14 19 -91 62 82 -64 25 16 -38 -95 53 52 -65 -89 -64 -15 46 -69 60 -79 -23 -65 13 -11 96 87 22 47 1 91 -26 -53 66 -95 15 13 13 56 34 68 9 -59 -14 99 -81 2 79 13 -26 
54 -77 -34 19 -17 20 83 93 -53 -40 -40 -87 20 -66 -34 90 14 29 -60 94 80 -89 11 -75 73 -12 11 -38 91 62 59 -38 -23 -9 19 82 -5 -24 35 52 -51 -12 -21 66 -22 -71 75 54 81 -75 36 -21 -4 90 -57 39 -43 -21 -51 2 62 -47 56 -79 -16 -59 -39 7 61 91 -73 45 61 55 -21 -39 -26 -96 -71 -11 -16 -54 49 -3 -30 -64 -70 -54 95 36 
74 5 -95 49 -71 -74 82 -100 0 57 15 -62 88 59 15 27 -17 -74 79 -37 -98 -45 -83 71 -75 86 22 -63 94 -63 99 -68 31 -37 -29 34 37 7 0 4 -71 -19 38 6 -53 72 14 61 59 -98 52 -99 63 -15 91 97 -7 2 -11 -31 -82 13 81 85 33 22 -14 11 9 -65 -26 -27 -51 -22 -88 18 37 73 -11 34 -16 74 -73 -19 -49 -81 -16 85 -21 66 
-63 -27 -74 63 9 -31 -28 83 28 -96 47 96 -11 44 31 -51 21 -25 61 3 61 28 -26 7 11 8 97 -51 88 16 80 40 90 54 -16 -56 -62 68 84 4 79 74 -14 -56 24 61 49 -74 -93 13 23 -16 -3 65 41 0 21 9 54 -80 -73 -80 -66 -75 -33 90 -67 65 48 79 -83 -56 66 60 -50 79 -1 92 -46 3 5 -36 -29 -20 -52 -91 -21 72 1 80 
-30 -64 -33 51 93 -38 -21 8 -80 -33 -81 -5 -3 31 76 91 -62 73 67 -73 72 95 -49 45 -11 -46 35 -94 98 -49 -61 87 -41 -93 14 -14 -48 77 -93 53 -55 44 -12 56 44 16 -91 -33 62 -39 -12 19 -63 -62 33 16 46 18 -98 -99 -43 -58 -47 72 -99 68 15 37 -59 46 -44 -48 88 -17 -17 38 96 -73 16 -67 64 40 -4 -98 -60 -22 74 41 71 -15 
0 -92 -66 -98 -76 78 -52 80 -62 39 -28 -60 -28 49 90 -8 100 54 1 -64 -40 4 -96 -60 94 -41 51 -6 -75 54 1 -40 65 -93 70 -95 45 -88 98 1 28 -22 -60 -1 -27 16 -10 17 -60 -24 -24 31 -70 86 -46 -45 -48 -7 27 40 67 -22 -72 -94 -43 -83 64 -88 9 54 34 41 81 -27 16 -89 71 -67 -47 -60 79 -3 -61 -84 74 -61 -27 -90 -72 -91 
-58 -82 1 -7 72 -94 38 -18 -100 24 54 -40 91 -30 -71 -66 -59 49 43 -49 -59 -13 -99 -77 -38 -39 -42 -58 84 -29 -31 54 -74 53 44 -92 -79 -75 -32 89 55 -16 50 -28 64 -25 80 -15 -91 -66 13 32 -44 86 84 -82 26 -36 -58 95 0 19 65 -54 16 -51 52 48 -71 -20 -1 76 -86 -11 -88 15 -40 -36 34 -94 77 -14 -44 75 9 89 -3 -89 -6 -64 
9 -24 -90 -70 54 28 65 -4 -3 -50 -2 67 -10 -71 31 7 85 42 -94 -27 91 32 50 -62 -11 59 35 -29 19 -7 76 -35 -3 41 -1 26 -56 99 -66 86 86 -14 -87 -78 23 92 23 46 -89 -20 -90 -57 20 -91 87 23 95 32 -52 -61 20 -15 -57 -27 -44 -14 10 -11 8 -41 -83 -26 77 83 -86 -3 96 86 -15 12 4 70 -57 -58 81 7 -90 62 96 23 
-54 66 -18 71 -56 14 48 46 79 -76 -54 82 34 24 49 -12 46 19 22 -26 80 77 97 46 -62 -35 -21 4 -36 -70 38 23 -87 7 76 94 -99 49 37 -11 26 -12 86 -62 13 41 -48 -27 12 67 49 -63 89 -65 18 60 64 100 -54 81 -49 99 -65 31 -73 81 0 -41 2 77 95 4 -52 -50 1 63 -59 -19 99 -53 33 50 54 31 -52 -54 -24 -95 11 61 
-18 10 27 38 55 -13 26 -3 -11 -44 -93 25 -9 -1 -70 95 -53 29 16 87 -75 10 42 -54 100 -23 -22 -96 40 1 -50 -69 99 29 -13 16 66 -85 -2 100 -13 -69 33 71 31 24 -6 51 -79 6 68 51 60 -51 -7 39 57 -50 -89 -57 46 -60 -53 15 -49 -37 -61 85 11 -18 25 57 74 -8 -44 72 97 7 -74 57 -36 29 -33 -68 17 -11 -4 -64 -2 -10 
12 31 15 -65 20 -92 -26 86 -15 48 45 -23 73 80 -86 -61 13 81 -17 5 -73 -88 27 15 -42 -24 -13 -94 -99 23 5 11 -86 36 -61 98 -93 68 -89 77 79 64 -58 -46 31 -57 68 -69 -7 -6 29 -43 -97 -62 -82 1 32 -12 43 4 -68 86 -60 -38 -5 54 -71 76 -27 -25 5 -87 54 -92 32 -46 -79 -61 -17 56 85 -75 -62 68 -52 27 92 2 4 -11 
-74 -25 79 -69 -62 -34 92 -2 -85 -73 -64 -97 -11 -31 -32 -4 0 50 82 67 -76 -77 36 33 -22 54 7 19 26 -35 -83 28 -79 84 -16 -63 90 68 -47 -52 -11 -97 69 -90 83 -84 -9 -83 -4 -48 17 7 -68 96 -29 28 4 8 -43 -86 -68 25 2 83 78 -48 -77 -12 54 -79 91 -35 57 -85 87 25 89 -100 -100 -38 19 -77 -65 7 -94 69 30 -56 -11 -42 
48 -52 -89 26 2 -89 -38 -79 20 54 61 -77 -28 -39 -72 41 -29 72 42 50 -25 -28 3 -81 8 19 -10 61 98 -51 -82 -57 95 -24 15 87 18 -57 -49 30 -87 -39 -38 28 77 -66 -78 12 -38 32 -49 44 45 -31 -97 53 -95 -38 33 -67 60 3 -23 -40 76 -3 -82 86 -80 38 79 97 28 81 -99 32 4 7 96 51 98 18 -22 -65 87 -17 88 -37 -18 -87 
84 -81 -86 -51 100 -11 -82 -99 -63 6 24 91 41 -20 42 52 -19 -44 -27 -27 -66 6 -95 98 -83 16 -3 -91 6 -44 37 29 -33 -39 22 -78 -100 4 -36 -94 16 -13 -95 27 -35 -54 -100 97 52 -47 73 -79 28 99 98 17 73 66 -44 -48 -24 -50 1 7 31 -78 92 -18 56 -6 76 19 31 -7 -16 -67 -78 15 8 95 13 15 85 -49 -75 41 -29 -39 6 32 
-23 49 21 87 92 98 14 -42 -79 16 -76 -9 45 38 -20 25 -34 -36 89 -64 44 71 0 -12 27 76 -88 -80 53 -33 98 88 -90 -19 -62 23 93 -50 68 89 51 61 69 42 85 -33 -68 -45 38 -13 73 2 -92 7 67 49 7 -85 -31 -86 0 -3 -35 -17 72 -99 -3 -61 -50 36 56 -76 64 -42 61 42 -33 99 -54 -62 12 59 93 -8 13 -1 -10 69 75 -51 
2 44 -55 -50 43 20 -79 -94 13 -97 40 -21 73 93 -9 -53 69 -65 -6 -10 -98 12 -66 83 -71 -4 -20 66 30 22 -57 29 -92 37 -86 71 68 25 -80 31 47 16 -49 -76 91 -74 -96 85 8 -93 10 -60 74 70 -26 -6 -19 39 -35 47 14 -32 -30 -67 -4 61 -53 -86 70 41 52 11 -33 42 52 68 -2 39 2 15 -31 -5 -61 32 -26 -23 91 -87 66 -68 
-37 12 81 16 84 -47 -57 72 -52 76 60 9 -12 -58 86 35 44 -37 -91 -96 76 -96 54 54 -68 -79 -31 37 -27 76 -15 37 0 25 41 0 -65 98 -57 -96 -30 27 -27 96 46 80 51 -90 -96 -82 -45 85 72 -50 -93 -77 16 -12 30 85 26 47 92 -81 -5 82 -64 82 44 -66 38 44 85 -15 41 -5 45 78 36 54 29 73 15 -34 -56 43 -91 -34 98 22 
55 -48 29 27 70 48 -65 87 -81 -33 18 32 79 -64 90 5 -49 -12 70 -48 47 -9 17 67 -59 -27 -40 -94 75 100 -93 -19 -99 -9 -53 3 -52 -80 98 -76 -7 72 34 -81 10 88 -43 4 71 37 -89 17 4 93 34 53 -51 -39 26 89 -56 45 -84 18 -9 96 -44 -100 -17 -39 15 -53 67 86 -29 -100 94 -46 -35 -28 -68 -30 -23 29 -15 66 69 -22 79 -40 
-50 -87 -10 83 -7 25 -67 -81 -39 10 -5 10 -96 -15 51 38 -47 -40 -62 14 38 -91 -62 -75 -73 99 93 -97 69 90 77 19 -49 -30 -66 -80 18 29 -55 10 16 -67 -99 44 -57 99 -57 -85 -72 60 9 26 66 72 -34 -60 84 -24 -40 41 -22 -50 -36 -34 -29 -29 77 71 -88 -60 47 -65 15 -44 75 -25 -73 84 -27 40 -50 87 -21 46 -5 -62 -25 76 -98 -17 
-5 -21 33 -33 11 43 -66 18 -48 -58 81 69 100 -48 78 76 49 50 64 -61 51 44 29 -4 34 32 -88 -59 -82 4 49 -94 62 -54 -1 1 63 -18 78 47 80 93 40 61 -80 66 -88 33 60 -3 -30 60 36 -48 -99 75 88 -75 -63 80 -67 -59 72 85 -27 89 98 -55 55 8 -19 9 -86 -49 98 66 4 -38 -7 38 -39 70 31 -75 -90 -100 -69 -33 91 20 
98 82 98 50 -58 58 -96 94 -39 84 65 -41 95 28 18 82 -46 -85 -50 68 -40 96 -77 -79 74 34 91 -27 40 94 85 -88 53 45 69 47 -45 72 29 -1 -66 1 36 99 42 94 -18 -65 -13 39 -51 22 59 58 -20 -80 4 -21 -80 -33 37 -66 -45 -94 -47 -46 61 -52 85 19 31 26 41 -89 -27 70 87 44 -46 1 -80 -93 -14 -9 9 -73 -64 -7 -17 28 
99 -32 -56 53 -54 11 5 14 -100 42 -31 54 -42 84 9 46 40 -48 23 -17 41 48 -90 51 51 12 -19 89 -60 26 3 56 87 -88 67 -9 -1 -25 -88 -66 -26 -65 -36 -6 -70 74 76 38 22 -54 29 53 60 38 27 -100 -32 50 55 -21 -6 -72 13 16 -90 13 75 69 -72 -28 -78 73 -31 -63 23 -90 -17 -29 33 43 29 -93 -92 90 81 -38 21 76 3 -59 
-60 42 -53 11 48 -37 97 60 58 -92 -89 34 59 43 -38 6 67 38 -5 12 35 57 -32 -17 6 0 85 -38 -74 85 35 51 8 1 -77 75 31 -11 -59 30 85 15 35 46 -92 7 18 55 36 -83 79 12 -48 -92 -11 -21 22 87 59 56 -22 -62 49 43 79 11 -47 -76 21 -69 6 44 78 -59 76 -70 -28 90 -31 11 -6 81 24 43 39 7 43 -20 88 -34 
49 -71 65 -47 -85 51 -5 50 39 27 -33 80 8 -26 4 55 46 -12 74 49 -78 -15 33 -73 89 66 0 37 48 -97 -32 -2 4 45 68 70 51 40 -87 15 66 21 33 81 2 -2 39 -44 -34 70 -17 -1 16 -70 58 26 -26 -49 -97 46 41 -49 -39 66 -71 54 -76 75 -91 -6 -91 10 60 -32 -53 -18 -10 -9 -27 63 21 -5 81 -8 -81 -32 94 39 -8 -32 
-45 56 99 37 -51 -45 47 -41 -16 62 -47 -71 -44 -96 -99 47 29 12 -37 -75 -100 -60 -58 -8 -71 -71 -88 -40 -84 62 4 -8 40 76 -45 -23 68 82 -90 -2 -91 -85 11 -46 -21 68 -93 -3 5 53 -95 -95 -34 93 -55 82 14 -11 -78 -12 -72 -66 -72 78 28 -46 44 -4 15 20 -8 -69 0 -62 -12 -72 78 58 -97 -82 6 3 67 -30 11 -69 -5 98 -41 0 
85 25 72 -32 13 97 -13 2 3 -82 -27 -31 67 44 4 -13 -38 25 -10 32 83 -7 -100 -41 -10 14 68 -14 76 -67 -88 -48 -97 -97 14 -40 -84 -1 46 26 26 -67 31 41 -50 -17 60 -8 -94 92 58 33 -87 31 70 -46 37 -91 38 -63 10 26 2 -14 47 -16 -34 51 -80 -48 -100 57 52 -26 34 -100 -11 6 0 59 2 -11 -25 -58 71 75 -78 22 40 16 
-17 61 57 -40 -75 26 -81 -54 -100 -86 -74 -99 -65 49 22 7 -98 64 30 32 -72 77 -8 -96 43 -3 59 -89 -58 -53 40 48 -12 94 -57 -67 -45 -81 61 90 32 -69 -55 -69 20 8 -86 87 -79 -22 45 -28 -19 -62 49 85 -57 -53 53 -34 -97 25 -43 -63 -2 56 19 34 -55 50 -2 29 5 -3 -29 -88 -81 -88 -54 28 59 -53 78 -51 -82 -85 -28 -92 56 -71 
67 95 30 -78 81 -99 -57 0 72 8 -4 1 82 19 -75 53 -64 -19 37 89 -68 -68 31 -93 -4 -86 35 82 46 -33 3 -64 24 -82 86 57 -65 49 -59 -27 -64 -7 86 97 -34 98 -7 -9 -42 -8 -69 48 -85 -11 -29 83 85 37 -28 73 54 -87 -34 83 19 -79 -63 41 7 98 49 68 -86 -70 48 0 -95 48 -51 5 -79 19 18 1 -50 -28 40 75 60 -75 
30 67 72 -83 -81 69 98 10 -73 -100 11 -74 -36 56 -21 -92 16 90 -91 74 28 -15 22 97 4 -37 -79 21 -11 3 -38 -1 60 -47 32 61 54 39 81 -92 0 -98 -25 15 8 -81 -55 14 -88 44 44 -90 -73 78 69 -40 -100 5 49 83 53 -44 -46 67 -99 23 -25 5 5 -81 76 -70 -65 -57 1 -60 57 77 -65 30 8 -90 -43 -52 70 -71 4 -76 -13 -82 
27 31 -37 -34 35 86 -92 -65 34 86 85 90 29 93 -70 -18 72 -62 -18 88 62 24 1 98 26 34 33 49 -8 -34 -94 42 6 -8 -97 40 -43 -99 -60 22 -53 36 66 71 21 -28 7 34 -23 -14 46 3 -16 -16 -90 48 100 -19 -29 85 56 31 100 -3 91 32 -93 -100 -14 69 -52 -72 27 -35 11 -46 -72 67 -74 -3 41 -97 69 95 19 57 -95 -52 -19 -73 
-21 99 -91 39 80 -23 -46 -78 -96 91 -15 39 -14 72 -97 83 0 64 -93 -6 -90 18 -32 18 70 10 67 -82 -62 -88 62 19 36 80 67 -60 55 -54 77 -34 -96 3 23 52 54 -34 -48 98 69 51 49 -9 -55 53 25 75 -35 -39 -91 92 -84 -49 -61 76 -67 -1 -35 26 -10 62 97 67 -17 18 -82 9 -82 74 -66 29 -100 -21 -97 -63 28 -78 17 88 31 -40 
-42 54 74 -62 -85 48 64 -68 -46 -80 62 -17 82 36 -67 -2 -58 64 30 -18 -68 -9 14 21 -51 79 9 52 66 61 -56 62 -45 -73 85 -2 -34 57 -32 56 30 -31 46 85 48 -83 20 -89 -75 -13 -96 31 -64 -77 49 51 95 68 -84 -67 30 98 62 -59 -94 88 4 77 78 100 -93 58 -91 -65 -45 92 41 80 -99 13 -80 36 36 -76 86 75 -95 -21 -82 -63 
-2 -7 25 -71 -43 39 22 -13 -56 -80 -53 46 -99 34 -77 -69 78 84 32 -68 -51 2 -88 89 36 95 56 72 -24 59 44 -70 -54 -40 91 -54 -11 -6 94 -74 79 -1 -28 21 24 -97 -50 -51 -50 -84 38 -56 51 20 -79 71 -92 63 -34 49 -48 -69 -14 -97 -19 31 14 -3 54 -53 -37 6 6 16 53 70 -45 -76 -16 -61 30 6 -12 59 92 80 65 -86 -43 -42 
-97 -72 -36 7 94 80 98 -62 -42 -40 8 36 51 -3 -77 -2 -95 -62 66 -1 77 -86 73 5 13 22 -56 80 87 -51 -47 -4 -41 13 -52 -28 -50 -27 93 5 -39 20 -95 -65 -76 -1 -43 82 -50 -56 -69 -57 -37 56 -83 -40 -49 6 10 -20 -15 4 -42 74 -93 44 25 80 43 8 -16 -30 25 81 29 18 60 -27 25 -4 -23 -84 62 30 14 24 71 -26 66 -27 
98 -90 60 56 11 90 3 -84 -52 84 -80 1 -86 79 -29 -41 62 63 88 89 56 0 -14 68 -8 0 74 89 22 -6 85 71 98 83 -47 -63 -68 -36 -60 -97 35 -35 85 82 57 78 -78 -99 -92 -78 68 64 -82 -7 84 -2 -32 -62 -60 56 -94 -4 -2 81 54 -85 -31 10 -21 24 32 23 -29 87 1 35 -36 75 -42 61 99 -90 97 15 -28 7 -54 6 -9 11 
-71 82 -56 -60 46 -97 46 -89 -58 70 -52 -40 56 -78 -88 38 -40 83 43 43 49 -68 -45 98 35 -48 68 -19 -44 85 -35 75 -7 -91 57 99 7 1 -43 -72 86 -16 51 -99 77 -11 37 -34 -90 65 -95 -73 27 -52 -65 -9 48 36 -18 -93 34 33 -2 28 12 -72 -4 41 -12 -43 -28 70 -56 -37 77 -93 -5 -82 -85 -23 64 -92 15 58 -17 89 94 35 -30 61 
-35 -86 45 28 16 -80 24 18 45 -26 -10 33 -12 -50 -61 -9 -6 1 1 -97 43 72 -38 -36 -30 -71 -62 36 91 1 52 28 27 31 -14 -36 25 -96 57 84 -25 6 20 31 -90 21 54 91 35 -32 81 29 -60 -4 21 44 -75 -50 75 63 69 19 50 -41 -80 -28 -56 77 -44 -76 87 16 90 -72 35 79 66 18 -81 -65 41 -18 12 68 -33 62 -75 12 6 55 
11 -74 -50 60 47 -33 -80 -44 72 -25 19 -99 -62 81 -53 1 -24 86 -47 9 -33 -35 -22 52 38 55 31 -33 -73 -92 -36 -5 -35 15 -60 21 -91 89 -21 75 -84 98 -11 52 -68 -36 -55 -68 -43 99 -16 -26 -44 62 57 -16 47 7 26 -77 -41 100 67 7 39 -22 32 44 45 15 58 2 19 38 31 87 42 14 80 -4 10 -14 25 -81 4 89 -36 80 -94 78 
-12 20 -32 -99 6 14 -73 -39 19 -93 -54 -45 -8 25 55 -88 70 7 -30 -80 -77 3 -6 -44 -36 -11 -56 24 41 36 -21 -60 -70 6 73 -80 1 100 -78 -30 -24 18 65 -49 -6 -90 -73 -37 -21 57 31 -58 -16 -42 -46 -19 -38 -62 5 -67 -1 -82 -16 30 45 7 -50 94 58 -26 -25 98 88 77 66 68 -5 11 30 53 64 29 68 21 3 -53 -85 53 31 25 
0 -1 91 85 33 -51 28 -36 85 91 -23 -63 -86 43 -68 -9 21 41 91 3 -19 69 -27 -45 28 -18 -81 -83 -35 9 67 -75 24 -1 -20 25 61 48 -11 -12 80 -22 -94 -11 -22 3 -6 -93 48 -3 -64 34 -92 98 55 -93 6 -60 -74 2 8 75 95 -98 34 -80 66 -62 15 -87 -36 -5 -65 61 -45 -40 -54 -98 79 -35 68 -44 -60 -29 84 89 -55 41 -33 -63 
72 7 8 -20 90 -14 55 28 -18 36 -97 70 42 13 68 -30 -92 -42 76 82 12 -39 -97 89 -43 -26 92 -15 -78 6 51 75 80 -76 -89 62 -59 -88 37 59 86 -53 87 -5 39 0 69 -55 -44 -47 21 62 85 -22 90 -17 -3 42 38 -78 -76 2 68 36 -81 -24 37 -23 -31 80 -96 69 35 50 -70 -80 11 36 74 -57 -36 16 -20 -67 -68 10 -10 -78 -56 82 
-8 28 4 -34 -60 82 -36 -97 -52 51 -36 64 -53 -73 -2 -39 42 -17 -59 -70 -7 -4 52 16 100 -40 45 -53 -18 84 -71 -10 29 -11 42 55 41 -49 25 -88 -80 -77 -43 6 -28 37 15 -85 52 50 70 -15 2 -8 -35 -3 -97 -26 61 -26 51 -10 42 -99 -60 44 -84 -66 34 -20 8 -89 -40 -91 -22 29 84 1 47 4 24 -4 -99 -60 -81 -73 -74 -33 19 95 
-34 23 -59 100 14 84 49 -38 6 9 -29 -72 -5 -1 89 -1 -62 -46 20 -26 4 70 -99 -84 -2 -52 79 58 86 74 -81 32 -24 -12 -95 95 -64 -64 88 -45 -67 45 59 72 -65 -33 53 -88 22 -94 -58 -69 -37 68 -88 -23 48 -36 -14 50 -63 -97 -97 52 -10 -35 75 27 -54 -42 -15 50 -39 -63 87 -83 39 24 -49 -81 29 39 -48 -74 -50 -23 93 10 74 -46 
10 71 62 31 75 -48 -65 -89 65 -44 -95 -5 -24 -30 -62 44 39 88 99 -20 -45 20 55 18 51 48 68 52 61 34 67 96 -38 -38 83 59 44 -25 -23 79 -35 -68 -20 49 -65 31 -71 39 72 25 72 16 -96 13 69 -60 14 -19 -22 -55 -10 -52 -95 -68 -51 45 3 -24 -27 -48 35 27 9 23 12 52 -3 -15 -27 -41 48 -68 -57 12 -9 -89 55 -61 -69 24 
-95 0 65 83 -88 -33 -83 -85 78 -68 -84 -73 73 73 60 -97 78 -77 2 -31 -23 92 -18 77 63 -28 53 4 19 -3 34 -44 22 -5 36 -71 98 69 -76 -9 39 -93 22 -62 10 80 81 -32 -78 -11 91 -29 82 5 -15 72 -54 -88 40 -71 28 81 18 -11 26 -66 92 -90 72 20 48 -37 56 26 -73 -43 62 -59 -23 -98 -57 -51 -84 27 22 -33 -39 -52 91 81 
13 50 8 18 -74 39 85 69 67 11 -10 -44 -85 42 -44 79 40 34 27 -68 25 -95 -7 -90 21 26 -79 -92 -89 97 97 -80 30 40 -48 -10 33 -16 77 21 28 76 -31 24 -47 62 -62 -9 -65 59 91 63 100 88 98 52 -64 -58 30 -64 54 -94 -48 63 -43 -6 -23 27 13 -2 21 -61 -41 23 -80 46 -52 -22 28 91 -12 -43 -48 -20 -87 96 58 -24 35 -32 
72 -73 82 -5 4 -16 72 -84 -63 -69 -8 7 84 95 -80 -86 -30 -72 -71 -97 -83 12 -63 67 17 -96 96 85 -20 -88 47 15 69 68 -30 52 -2 82 42 -43 40 53 -83 -86 -75 45 -78 -34 20 54 22 80 -73 -5 57 -27 15 -43 -60 36 32 -20 -25 99 -90 -5 -77 -54 29 91 -54 6 -36 35 -70 -8 6 47 -63 -47 -79 14 31 70 -82 18 72 29 60 78 
43 -34 75 80 -66 28 -29 -19 56 36 -3 -74 -13 -30 -94 -7 87 -37 49 100 32 53 26 21 36 -77 96 -51 -85 -96 -95 -88 -62 -97 10 7 8 -22 22 -71 77 15 16 6 -9 -92 -1 3 28 -53 -82 -45 16 12 16 -97 58 -54 80 4 -9 97 -21 -73 55 80 29 76 26 60 54 41 19 22 68 52 -58 86 73 79 -88 33 82 8 79 -52 -50 52 -3 -22 
-34 -48 35 -1 52 77 -64 27 56 -65 -93 -20 58 49 -77 90 -92 78 -52 19 -93 88 80 -22 90 84 24 94 -33 51 1 -39 34 89 -27 -91 61 -6 43 32 -16 66 24 39 16 50 12 -32 -40 64 -78 68 85 16 17 -86 37 -34 7 10 -84 -98 -73 63 -91 26 11 84 -59 -29 48 53 48 74 -12 -68 -85 -74 80 16 97 -91 22 55 73 -58 16 33 -58 18 
-46 -80 77 -51 -48 -51 -25 -59 51 87 -82 81 22 17 63 -36 -72 90 -6 -60 40 62 -38 70 50 -10 50 -11 -66 93 46 -3 25 -73 -26 42 -16 -79 -10 23 93 -14 -99 60 100 73 81 -25 59 -63 -1 -54 -68 51 -18 -10 28 -5 -61 38 -30 -57 -61 -23 -43 31 -22 -68 -45 -90 -1 -16 58 -87 -38 -93 -6 99 -5 8 -53 -13 -85 48 53 -42 92 -74 -50 -87 
11 28 -84 22 68 -72 49 95 -92 83 18 71 97 23 -43 -27 98 76 -89 74 20 100 94 53 -19 88 83 -53 -65 15 13 -90 -27 -39 -44 -29 -17 -55 -46 24 -53 -85 1 53 19 -10 74 26 -93 5 -73 -57 -60 84 14 -43 -4 8 46 -28 -18 46 -71 36 86 50 5 -17 69 41 68 -17 -46 52 -52 -77 77 -94 80 -58 -67 -86 62 28 -35 10 -22 9 -74 6 
22 -96 71 49 92 52 -10 17 91 85 -64 -71 0 -97 -81 36 45 97 95 56 84 56 18 -32 -66 11 -23 6 62 -62 -28 -19 32 -70 -78 -85 -8 -98 81 -64 69 -37 64 29 71 -13 -58 -16 100 95 -62 -95 17 87 44 32 66 -92 65 40 -17 69 -96 -2 -89 -40 84 8 38 -38 47 67 -59 41 18 -68 -99 5 86 15 -96 -69 56 -50 -40 -2 66 -15 -93 -4 
6 -69 -90 74 4 60 -40 93 -50 -61 50 -96 63 -19 45 87 29 34 30 39 -56 17 -61 24 44 4 54 87 16 -29 47 -54 -87 -37 -61 -6 25 -86 -15 -63 78 -30 -8 36 -40 76 70 41 67 -48 -4 45 -33 -82 64 -86 -64 -90 61 -94 -76 -51 -88 -57 -78 -15 22 70 -22 -57 17 -37 -23 -77 37 -68 28 48 -89 -9 63 94 -89 15 42 71 -53 93 85 9 
88 52 7 -14 -60 -7 -2 45 -46 -54 12 -72 -51 -82 4 -6 89 -20 -31 -90 -15 18 -88 74 73 -99 -80 -57 -9 -20 7 35 52 33 -49 15 58 -49 -75 -50 -88 96 -62 -100 52 44 50 -63 26 -53 -32 56 15 40 -49 -81 91 -44 98 -31 -49 4 -52 42 98 77 -29 -46 28 -85 36 75 23 -57 -69 28 9 65 -20 -2 74 -52 -92 -97 22 -58 37 70 17 23 
100 52 -47 -56 61 -2 21 -82 16 -19 77 27 -29 -42 -62 32 -32 -51 76 80 -67 -70 85 -64 75 32 -87 56 -26 -53 -82 38 17 43 -29 -5 -96 -23 -56 98 -62 -53 82 -7 15 -50 -49 45 -36 25 100 -31 82 -33 -50 62 -65 -38 10 -86 70 98 80 12 -76 37 99 -79 -42 -93 96 -83 -99 -7 -15 65 -87 -39 17 -89 2 -91 -95 0 -92 -37 -16 36 34 -93 
13 59 50 -77 9 50 -69 68 78 -75 -6 -4 26 -54 -34 -21 68 -49 2 -14 -82 67 73 -19 -51 -23 -81 -66 97 91 -9 -91 -23 -46 53 -65 -58 61 -1 45 -93 85 83 17 -30 -57 -33 -56 13 48 86 -100 50 27 -11 40 83 75 49 -98 16 35 -76 -83 56 72 -43 -50 -12 -96 41 57 -7 -48 47 -79 -63 -34 -11 -91 59 26 96 19 4 -63 31 -41 94 -6 
-26 20 71 -54 15 -28 38 53 -30 -35 15 74 -56 14 -5 4 54 -91 99 -98 62 -72 27 91 34 -69 54 36 -29 -56 11 -3 -31 -2 71 -25 89 86 -74 47 56 91 -96 48 -7 -51 70 23 45 4 86 -39 19 36 -89 26 -70 -20 -40 69 -71 -61 -64 -58 69 -100 90 -67 -88 -98 -59 25 -8 -2 -21 -5 -96 54 77 34 74 -13 83 1 1 27 -54 -28 -23 -68 
47 62 -4 79 82 -1 18 95 45 9 7 -81 -67 -3 94 69 -43 -55 -66 6 22 30 -5 65 81 57 -93 -23 -23 -71 26 -42 -2 -14 -27 13 69 11 -35 -70 17 83 25 29 83 -50 -59 13 -93 -46 -96 72 -21 -47 -43 97 -81 24 -56 -29 77 -87 75 8 -79 71 -44 30 12 70 -100 18 83 32 19 36 77 56 -39 -92 98 -7 99 50 9 48 -62 73 -98 -71 
-96 -78 29 97 63 61 25 62 75 -62 -15 -22 -94 12 -79 -40 -44 -74 -72 17 -68 67 50 -14 19 13 -34 60 -82 34 82 31 -68 11 -97 19 -65 -32 24 82 47 41 46 94 100 46 32 67 28 -62 38 -41 -71 1 -39 100 47 -93 -34 -87 38 10 -42 -29 27 1 -78 3 -13 -7 -59 -15 80 42 -3 33 -61 -85 57 19 -84 -50 -86 4 28 72 -7 67 75 7 
79 -35 10 -48 88 82 -9 88 4 66 15 60 -98 85 -45 75 -33 -13 -14 -50 96 85 84 -76 -44 -94 -28 -31 -56 -85 95 75 71 -99 -57 58 -70 -63 38 70 80 11 -42 -63 30 -65 26 3 -36 29 -41 -4 78 -66 68 58 -94 -94 -41 60 77 13 -54 79 -77 43 11 70 68 -82 -68 -40 -65 -33 83 -53 39 78 -58 17 32 -67 -83 -33 -79 -26 -100 44 -63 3 
-16 24 -83 29 43 -19 -61 -86 96 -18 47 -14 100 58 48 64 95 -88 -65 -96 -87 24 -8 17 59 -94 50 34 61 57 65 17 -24 76 -5 -70 -23 -34 -46 -49 -53 -22 25 -29 -21 61 -19 98 -92 59 -50 26 -65 40 -55 21 -69 45 57 76 45 -53 -33 -56 91 -44 -59 17 10 6 -11 80 -43 51 22 -39 24 -44 -1 97 30 96 31 -85 34 -42 -56 77 -6 -52 
-50 41 97 59 -29 98 -26 27 8 97 43 -83 -73 -20 -36 -27 -94 -58 -57 -78 48 -68 39 26 18 -38 -25 22 -55 -78 -70 28 -23 62 13 62 -57 83 71 34 -86 -49 37 -67 61 -56 -63 86 65 -72 -17 -98 -50 16 54 -35 91 -21 -17 41 -92 -56 -80 -40 -26 -3 10 -1 -88 -77 -83 9 25 63 75 -97 -48 -36 -50 53 49 91 -68 92 59 -87 83 -75 40 30 
-58 49 74 -5 37 10 -81 65 83 24 -25 -95 -66 -70 2 -92 57 -35 -72 2 -74 -55 54 72 9 -80 72 -87 -40 -33 -33 63 -31 5 -66 -51 21 -30 -77 19 -69 -53 -39 -73 -15 -48 -68 7 -60 -21 65 -54 99 -43 -74 -34 48 -100 5 97 25 -53 -73 98 29 -25 11 -94 -55 -6 67 -40 19 -74 -81 50 97 -99 -11 -36 -92 26 24 -6 -55 97 54 -49 -18 30 
