76 50 -67 -89 65 13 -31 86 -93 2 -42 -5 -78 -48 56 -40 -100 -97 -68 83 37 -56 -2 1 42 -8 -53 18 55 -17 0 -30 -56 -77 -36 -29 -68 15 45 -40 22 4 -37 30 -40 15 58 -39 -59 82 
-13 74 -14 29 -28 -69 -2 -71 11 16 -44 22 96 -3 -92 42 -3 32 -58 -38 92 71 18 63 -93 -52 100 -84 17 -87 -63 -22 -65 -95 40 -90 78 -19 99 -7 98 -94 -92 -47 53 54 -1 -21 29 68 
-58 10 -36 -40 -39 -72 53 -8 21 -66 -42 -69 -65 -92 -23 -13 -89 15 19 -34 -17 84 -71 -99 -72 -19 -3 -14 -18 -62 30 73 -91 73 -18 -12 82 54 -64 66 -15 -41 43 46 -60 -80 -16 55 11 20 
82 -35 -73 -14 46 59 4 -4 66 -48 82 10 22 -75 -100 -36 -8 54 -12 45 10 81 -90 -36 69 37 -9 93 -55 86 -62 -16 7 4 -59 100 3 -76 5 17 42 -76 86 -4 -4 -17 -95 47 -74 -29 
58 -57 16 -73 67 16 -3 -83 -62 -34 -45 94 54 33 57 5 -60 -19 43 -43 50 -54 -38 68 -91 45 -29 71 -92 -87 -15 65 -31 -2 -7 -54 28 14 76 -77 -98 -67 69 28 -98 8 -21 -66 21 -79 
-67 -51 -60 -9 -76 -38 -84 -87 -24 39 -48 -10 38 93 74 -82 -60 -16 73 93 -23 46 24 -5 -79 33 68 -13 24 -31 -56 -83 69 22 -36 77 44 61 32 91 -69 89 54 -63 1 99 -63 -98 43 23 
29 97 -99 50 54 -65 5 25 -60 3 14 -88 -99 42 17 -85 -38 81 50 46 63 -52 -7 -9 -16 60 -34 61 10 29 -8 21 -27 -58 -6 -14 -26 51 48 -40 -62 95 -28 -7 -76 -67 -78 -99 -17 24 
-55 29 -96 -69 -13 -19 24 -25 -66 -9 -4 -54 51 46 97 57 -18 27 -92 -50 -74 80 -50 41 -79 99 -48 30 60 -74 88 -3 45 3 -49 48 -88 80 -74 90 31 -80 -14 20 53 -97 88 -2 -62 -19 
65 78 63 -38 -1 -55 -17 4 -61 10 1 -2 20 15 -5 -84 -70 83 -25 -60 30 97 16 13 34 46 49 -14 41 87 -12 -74 -15 65 -78 -5 17 47 -22 -59 -18 -66 -45 -73 -72 83 -66 44 39 35 
-44 19 -78 -18 95 -22 9 96 41 54 92 46 -75 65 -36 -5 17 -71 3 83 44 11 -66 -21 17 -47 -54 49 -54 -39 67 57 -77 -19 30 0 -94 -87 78 -9 -12 -21 -38 -56 -7 76 2 -55 12 31 
-9 18 89 70 -20 -94 49 -24 -6 -49 -20 99 -13 67 -56 36 71 57 45 44 -26 -94 -100 -47 -57 -32 26 79 -3 24 -61 -95 -83 1 -46 88 73 -50 11 40 95 8 71 -56 -72 43 44 -94 2 57 
95 -31 -86 -18 27 -40 89 75 95 -84 -45 82 -36 63 52 4 72 -82 -62 -42 -64 1 2 -73 -53 45 -67 -53 10 84 93 -21 -73 26 97 -97 -12 93 61 -52 -95 31 19 -24 -92 33 -59 -84 39 57 
-96 -80 -34 -40 44 -40 28 -43 40 -93 75 36 8 -81 48 -94 11 22 -51 43 9 81 52 -16 3 51 63 6 -78 84 -71 -43 88 -65 -86 24 54 -24 -88 22 70 89 78 -8 67 -11 22 4 -50 -40 
-48 53 58 -6 75 -96 -59 31 -70 -97 0 -64 79 -44 91 -23 -60 4 -18 15 -6 -49 -22 -23 -31 100 74 -100 26 -89 55 91 -63 86 61 -21 -53 -12 77 96 14 -7 18 51 65 43 85 -100 -13 89 
28 -75 7 -41 -14 -3 85 -85 93 -77 38 -42 -31 -35 27 69 -37 33 11 -46 -52 -27 -76 9 -72 46 -58 -100 76 89 45 -10 -13 84 -69 72 38 28 78 -21 42 100 -34 14 71 -82 68 -82 76 -70 
-78 -6 66 5 -44 36 84 -59 92 78 8 83 -16 -49 -88 -77 29 -84 88 -26 -67 -69 -18 28 44 -32 43 -35 68 -97 -96 88 -93 -40 93 -8 -33 -31 -22 27 -44 -15 28 5 -49 100 0 -96 -96 -24 
93 -75 81 79 -61 -69 -47 85 -24 73 99 93 61 93 -85 27 67 -85 82 -40 87 -43 -92 -24 7 38 -38 23 -45 20 -36 92 16 56 -72 98 98 -81 82 -61 -74 63 -61 44 12 -23 -60 -89 -41 7 
-52 8 -25 34 82 40 -9 -25 -55 -1 -5 8 53 16 74 -3 -45 38 -26 8 -70 -57 -1 -30 -67 -27 -14 84 100 74 91 64 -38 -69 -40 17 -96 -40 -56 -27 48 60 -23 -71 -65 66 -98 62 -62 -32 
84 -11 -66 72 -13 -57 -76 -75 -43 34 -89 -92 19 57 45 -19 -57 85 24 13 4 90 -71 30 -82 -90 17 -97 -62 -32 -36 94 -6 -45 35 -22 -8 76 -96 -56 37 52 56 -32 -18 36 32 -64 -97 -49 
-46 26 52 17 -16 -69 -23 -15 -20 -2 69 -34 -49 12 -85 66 -42 62 82 -91 -70 -81 -72 -93 -42 20 -27 13 -14 -16 70 -43 37 93 100 69 -50 62 -8 -24 -6 -61 -23 -29 8 94 17 32 -86 71 
-47 -83 4 35 -70 26 -52 80 -1 -48 25 81 45 27 16 4 -96 55 -94 -11 -1 -18 0 86 45 68 -68 -20 -68 40 -71 -100 23 81 -36 44 -83 -46 4 69 27 -2 -95 -44 -58 15 99 42 47 79 
79 -14 76 21 86 -16 -12 68 98 57 -67 -8 -66 19 82 12 -23 15 47 -32 79 68 7 16 -99 -91 30 14 45 -34 -17 -24 -72 0 68 32 -49 54 -86 -89 -8 6 -26 -71 73 74 -2 27 -2 25 
-33 -42 -3 93 7 84 93 48 62 51 38 -75 -1 -15 97 0 -14 -21 63 98 -63 -59 -16 -32 69 36 -47 66 12 51 53 67 -90 3 57 -7 -62 -64 -16 -62 -63 -91 -74 49 -2 -59 61 -31 -5 0 
-46 53 -48 96 50 -31 -87 2 62 -58 62 -51 -1 97 49 42 60 56 -73 -35 31 -50 -25 96 -95 -39 36 -49 -22 76 43 -41 -31 -86 -8 -45 65 79 21 29 33 82 73 4 67 -24 91 17 -35 -5 
-33 2 73 -88 -80 -89 -67 -9 -29 30 -4 86 46 97 1 -78 20 71 75 94 28 38 -47 14 -86 -32 -8 -1 74 79 74 -38 -40 -7 -89 99 -64 59 26 63 -68 -9 -23 89 51 -21 -93 -27 53 62 
-10 75 -97 -76 46 82 42 -54 25 -15 56 -80 87 -32 97 3 -40 99 -25 -44 -3 -57 90 -35 -100 -29 96 18 -64 -88 68 77 -45 81 46 -68 98 20 -14 0 24 65 2 -81 -28 33 97 22 -10 49 
-73 54 -69 -94 99 -26 -75 1 37 -95 77 -99 -68 11 -92 -8 -78 -77 66 67 76 -4 -63 -86 96 -14 -16 -74 -75 93 -1 -100 98 76 -63 -50 -68 -21 -37 34 -52 26 7 -38 -68 9 98 -88 50 -10 
33 94 -85 39 -18 -48 -82 37 18 -3 -92 82 -82 -80 -18 -23 -84 26 27 92 15 13 86 32 84 22 73 -57 82 -31 70 53 92 88 54 65 32 67 79 -19 3 -87 -31 53 14 -15 27 -99 -88 71 
-21 38 -81 75 74 -66 62 -23 39 26 -32 21 -58 -16 -68 -94 -65 96 90 -6 -39 14 67 31 24 90 -48 70 -28 57 26 80 -59 92 -6 65 62 -73 27 -90 60 58 -67 19 -45 70 55 57 -44 -50 
-86 -34 -43 -43 23 24 -99 -31 -56 31 -26 96 87 1 93 18 81 88 -99 -59 -10 44 26 -43 -35 0 74 -8 -56 97 14 -31 73 -60 -27 9 95 -38 -10 -99 44 -38 -73 75 15 18 52 -8 8 -39 
-44 90 26 54 -60 -5 9 84 -21 -99 64 -48 -88 -84 -3 55 98 -24 11 -72 94 24 -55 -87 -78 95 7 -9 18 55 11 37 -30 -75 -43 -61 -65 50 -56 -86 71 77 -78 -59 3 -90 -56 21 90 -63 
-85 74 -31 -45 -14 -58 -19 -34 48 41 25 -47 -66 -49 -72 95 84 -24 -5 -23 -1 -18 47 -30 100 86 49 98 56 55 -23 -77 11 83 -30 -11 -65 -76 39 -76 89 -2 96 90 44 -28 10 -23 81 75 
-44 -77 -79 -12 48 90 64 -17 29 18 -55 -81 -46 99 -100 -67 -20 -18 -25 50 26 -6 52 -4 -7 -24 81 25 -52 49 5 -14 88 -71 4 19 60 -50 -12 -75 38 57 -7 -60 73 -25 -71 -12 -35 22 
-62 20 -38 -61 83 -67 -93 -70 -95 -12 41 -92 66 99 -58 31 -43 -36 61 -18 -57 -62 17 -89 -4 20 70 -43 -100 88 81 -28 12 74 95 13 -78 -59 74 60 -83 -97 20 -26 12 -94 99 -55 -48 25 
-68 -42 -65 -24 -13 30 -66 -10 19 -32 -88 -57 46 -19 -28 57 -77 86 5 68 92 8 15 -87 69 -14 13 5 -86 -16 -58 39 -15 -99 -23 -100 26 -41 -39 48 -45 -63 -55 -94 -18 -28 -8 10 100 -96 
48 9 -96 73 -28 36 91 -77 -58 67 69 -77 83 -5 30 -73 5 -35 -29 5 5 -20 79 87 -46 -88 -56 -77 40 -7 -37 -83 15 -53 -28 58 15 71 -74 6 58 29 -87 -78 -14 81 -2 46 -86 2 
64 77 -32 -9 -17 -6 -71 12 -46 32 97 -85 98 -9 -85 -7 -9 -73 -69 -8 -56 73 -16 -71 34 -57 -30 -29 -6 -80 12 33 -67 -54 -29 56 77 90 -66 -43 -20 35 -25 30 63 35 -88 96 50 -59 
11 91 87 97 -99 -12 32 -76 82 -5 -77 43 98 -46 62 -74 -97 -52 20 -94 -75 13 -56 31 -43 2 66 -50 43 18 -87 -75 8 -77 -25 7 -21 60 -54 88 -12 -90 -42 74 -17 -9 -34 48 -55 -89 
53 91 -17 76 40 67 -40 42 93 64 72 -58 93 62 74 94 7 -93 45 56 -25 -30 31 -38 -7 -76 88 -33 -25 -13 83 26 -73 64 58 89 49 19 2 -26 -93 69 48 55 -61 -61 55 -65 -74 -36 
65 100 -7 -12 27 -22 88 -58 -53 -85 77 -74 -12 86 13 -88 0 -12 -51 -1 29 9 -9 97 60 -88 -32 -83 -80 65 84 -19 -59 -8 -72 98 -62 58 -24 18 32 -73 -93 -54 5 -20 0 -96 15 -84 
69 -18 -50 21 89 -34 -13 -64 -74 73 -25 -98 52 91 32 70 -3 -47 -53 96 -46 43 -50 77 88 70 -54 78 93 -4 5 93 -82 -76 -18 -1 -72 90 6 -92 92 6 -61 44 40 -21 -24 -72 -44 77 
-98 40 -97 -32 94 -70 -41 -1 -91 -1 -45 79 80 -99 -34 -52 -57 -90 -27 19 -40 -61 45 1 -45 17 -80 9 -46 -46 97 21 -80 17 -54 -47 -10 -72 -46 12 3 -58 -36 94 -72 -65 -45 -52 -71 -79 
58 -23 -37 39 -96 86 -47 -44 56 66 65 11 -54 -9 73 96 -87 -10 -43 44 21 -41 2 43 -70 -49 -68 -36 -15 -60 56 40 -78 -67 70 -21 69 0 -22 -51 87 77 57 -43 24 -37 63 69 -40 -37 
30 -86 -45 -52 -57 0 72 -90 38 -77 28 100 16 6 -22 -49 -6 26 33 64 62 88 -28 -26 -28 70 -41 99 39 59 61 -2 78 -59 -82 58 34 45 5 -38 -50 -90 84 -96 -93 78 38 39 -65 44 
-58 -56 4 83 37 -58 5 93 -93 93 3 -7 -40 -54 -48 -27 10 49 70 99 -37 38 82 -35 -67 18 66 -44 87 72 53 -96 15 60 21 -89 52 -99 54 -84 -19 -31 -84 -82 97 29 91 22 -1 15 
-60 -55 90 -84 41 29 89 -38 -18 -18 -49 34 -37 30 24 -3 -52 -59 -60 -79 92 16 35 -86 -41 87 75 -53 39 -89 -9 -73 72 -65 -65 -58 -47 -44 -2 38 98 -27 76 -63 4 -2 15 77 -89 -93 
71 5 -95 56 57 82 -31 -86 8 -38 3 13 34 -82 21 55 -59 40 -68 19 -5 51 74 -48 32 49 74 89 -24 -89 60 -17 -69 93 7 -74 -45 14 -78 61 -43 -52 -29 -71 -72 94 -58 -53 -97 -47 
31 71 -69 97 38 21 -45 55 4 59 -79 23 -53 15 -64 2 -34 19 -79 -87 -54 30 13 -20 -28 74 -87 -99 74 71 -70 12 26 64 -91 -41 -35 65 28 -20 44 -51 -19 -29 45 -93 -9 -41 83 5 
-51 -7 61 48 -33 84 -34 46 94 88 73 22 -25 -94 53 -97 58 43 -16 -15 37 -65 98 77 85 8 48 -45 41 -65 -57 -12 -3 84 10 5 -34 1 43 -93 -89 -12 -34 -29 -47 -51 -18 16 -17 61 
88 -83 -78 -60 55 -44 -100 -93 -24 33 39 86 -95 40 84 -33 21 55 72 -93 30 70 88 89 86 -100 36 37 -8 72 20 82 -89 84 -99 100 -15 -12 87 -56 12 -74 -20 -59 40 91 26 -35 -66 38 
