2 -4 -67 -4 9 33 -89 98 -19 -57 -9 -26 81 -86 2 -8 -16 41 -13 10 -72 -16 82 28 71 -17 42 30 74 28 1 -5 4 -14 -71 60 40 69 68 -28 -86 20 -96 -57 -93 -29 -9 32 66 39 100 -36 18 -54 -23 7 -50 0 -15 -28 -50 85 -55 -80 -58 59 80 88 87 71 7 24 75 -10 -3 79 42 -15 -96 -81 
97 -52 -63 34 -62 -69 11 26 -95 64 21 60 -9 -60 -55 20 -70 -65 -85 88 36 4 -100 -28 83 -52 -29 86 -29 35 89 -85 -80 -44 -4 100 13 -60 -3 -30 4 -3 -8 -9 74 -34 20 -8 -16 79 13 61 30 47 -47 -36 -87 -26 90 -80 -82 -11 -87 -71 13 -97 -60 -68 7 88 49 75 -78 -9 -50 -77 75 22 38 -34 
28 96 -62 -63 29 5 42 -67 -50 -66 81 -63 -87 27 -43 85 99 -99 -45 74 -5 96 -33 -12 4 -74 85 54 98 -13 4 -24 47 -47 31 -85 -32 80 93 71 -81 47 24 -4 100 26 25 -3 -66 28 -34 -45 12 14 -75 -20 -46 59 -16 -89 -93 20 -10 -88 36 71 19 85 75 29 70 -50 -29 26 56 85 87 97 25 3 
20 56 -18 -48 -37 -42 48 41 6 51 -96 3 -8 98 -27 25 -87 -78 -80 95 -99 -86 -7 74 -96 38 93 77 -89 1 -72 99 30 50 27 -72 -98 100 -37 68 -46 39 -27 29 -32 79 -32 -57 12 43 72 12 79 42 -28 99 -2 -31 -17 -77 61 54 13 71 18 10 28 32 -61 -89 -8 -46 -56 30 -75 97 -19 -30 -75 -80 
-97 9 -88 36 5 83 34 89 82 -31 -27 25 -84 89 24 -48 14 52 -10 45 51 -11 -97 60 -37 32 67 -39 -52 -64 38 84 -77 -61 -38 68 -16 -74 44 -14 76 -4 41 82 32 22 87 -93 -22 -1 76 39 48 -58 43 -41 -24 -71 65 53 63 94 85 -15 -59 12 -71 -33 -30 -73 97 -96 47 24 91 100 100 -62 61 -43 
19 -4 -91 46 -42 -54 70 67 67 57 -57 45 -98 42 76 -78 59 8 -43 8 -13 -56 -87 81 -17 92 73 -13 -58 41 48 -13 -56 62 -86 -56 -97 -33 -61 3 16 1 88 -19 -23 49 -85 14 75 -34 -4 3 31 98 -66 7 25 99 -69 92 -99 97 -50 37 -55 28 60 35 16 47 28 45 18 72 53 -16 -14 -44 88 25 
43 96 -99 -24 -43 43 7 90 -68 51 -76 4 -85 94 28 -63 5 -29 -97 -30 -33 64 -97 58 60 -51 -18 -4 82 -52 -52 -19 97 32 -92 92 22 25 -69 26 31 -40 88 88 23 43 92 9 46 10 -5 -31 -10 36 -40 10 0 30 50 8 66 -81 99 -11 -76 -79 -68 72 -48 -54 -39 52 96 -61 -9 -3 -68 -25 59 9 
-8 23 -86 -16 2 8 29 -71 -15 -65 62 -32 -64 84 36 -95 3 69 -65 -14 32 88 -14 -47 97 -17 -73 23 11 58 47 28 32 60 -34 7 -6 31 -98 47 4 -90 83 96 -100 83 -28 88 -7 -17 -76 82 70 27 76 -13 3 -62 89 11 -91 -64 -59 89 -81 -74 43 26 -26 -2 -75 -4 -88 68 74 82 47 -5 -29 19 
32 -5 87 39 -57 -65 -16 70 23 -23 -19 57 -97 55 49 39 65 40 -16 65 -56 -50 -4 -15 -90 -95 66 7 -73 74 80 -95 100 -71 0 -57 -52 -23 43 23 -55 -59 83 76 -56 24 -15 32 -21 89 12 -9 -41 99 54 13 -57 90 55 -11 68 67 12 -62 -42 -67 -31 -55 64 -20 -86 -21 -95 66 63 84 58 93 -25 79 
35 -48 48 77 -78 -49 -42 46 2 -39 19 -2 15 -85 64 -77 -94 -72 -59 39 60 58 -25 69 -5 -68 65 41 -94 -11 -28 72 52 24 87 -82 -84 65 -71 -79 -37 -92 6 18 -66 10 -98 74 85 2 7 -69 -72 39 -54 11 -73 71 1 41 50 10 -88 51 -94 75 -11 -35 97 98 25 -10 86 -94 -98 8 -73 -19 -34 -62 
79 44 -5 16 57 79 29 -13 -56 -4 -13 -96 -94 -30 -10 51 -98 -37 -78 73 -65 63 -35 35 -18 -23 85 -58 19 -56 -6 98 -6 3 -49 68 -93 -73 -80 -33 -10 91 -78 -84 71 98 93 55 96 18 -77 -52 -17 78 -70 19 66 72 42 -83 -56 98 -46 61 -20 62 -52 -67 -26 18 -69 -99 -95 9 61 7 40 -25 -70 -66 
-64 -49 -3 63 28 84 59 -50 57 41 24 37 -18 -21 -31 -10 -34 -58 92 75 17 72 80 -32 10 89 39 -48 95 20 41 -94 -55 -10 41 23 38 -47 -92 76 28 74 -77 80 68 -38 -20 -43 -87 87 -57 -78 92 -51 -66 -92 -58 -85 -92 8 -62 -99 -83 58 -61 -71 -13 -68 -65 -5 74 -79 -92 29 100 9 -50 70 77 -62 
17 33 71 -13 98 38 -49 -81 53 -27 -50 -96 59 -14 11 -1 -24 86 63 -61 86 34 41 3 -53 82 -19 35 60 -87 -4 78 38 -68 -80 73 -80 -24 44 43 -55 54 -45 73 -22 49 45 -14 -13 -88 -69 -48 -75 89 67 -43 -90 -58 -4 -15 -94 58 -31 40 7 -32 -67 -90 83 -8 46 30 -13 -71 -78 9 -61 35 -61 60 
-3 58 40 12 -12 -44 -24 -84 -13 -57 -55 6 -32 57 -59 98 60 46 -35 16 44 -86 80 -39 5 -33 13 44 -8 83 -65 3 -24 47 -27 -82 -15 53 25 -1 -15 41 -81 29 21 50 -52 59 -38 62 56 -74 17 -96 -30 88 12 -88 -85 -98 22 -62 -68 -91 57 65 -35 10 69 -63 -46 -76 95 -94 48 -9 3 -24 57 -44 
-41 -19 -44 71 -90 47 26 81 -28 -52 40 93 86 74 60 -46 44 25 -5 -3 93 -35 55 -63 29 -75 -63 -3 -43 -79 36 -24 -5 51 -81 -51 -49 -37 57 18 -56 -90 -4 89 -42 -76 -9 35 -54 -39 37 -11 -22 -55 -51 -97 -50 -21 26 -76 -56 -66 -18 -61 61 -47 100 -83 -22 -73 -39 -100 1 81 9 1 -61 -48 8 -94 
71 -30 -6 -44 -42 22 65 -42 65 -71 -11 -80 -26 -7 86 -91 99 -13 37 -71 -77 -15 73 14 38 -80 -30 -85 -60 -58 -82 11 -60 34 79 -34 84 51 -18 -37 1 17 98 -61 71 78 84 -81 54 90 -91 -19 57 -59 85 94 74 -83 -94 91 -39 89 -19 -93 -2 -37 -80 43 -26 20 56 9 14 71 -81 -22 -26 -80 -59 37 
92 82 94 85 16 -25 -66 42 12 2 62 -85 -56 -23 -49 -64 22 80 -23 46 6 19 -20 48 -62 13 52 -98 81 -94 -34 -69 -100 92 53 58 39 -71 79 -17 -4 65 -71 -96 -72 -52 -12 81 -63 37 -24 -83 53 8 66 10 -29 32 8 65 61 -96 18 -44 -24 -17 6 -89 -46 -33 -62 -57 49 5 -33 79 -28 -89 6 -84 
-40 -29 48 -25 -69 83 -60 22 28 -89 -2 -39 66 -13 -11 -26 13 -46 91 52 -65 -44 39 55 9 83 -39 -9 76 74 -29 -81 37 7 -26 -21 49 -49 76 44 -6 35 73 37 57 30 -3 74 -13 48 70 52 64 64 -49 93 4 -64 -95 43 -93 -65 23 -60 49 26 -7 20 65 32 -7 29 -30 26 35 -46 61 -4 -43 4 
-28 -38 18 93 -71 55 -99 61 83 -83 94 20 52 -41 -37 -88 14 70 17 38 -37 -10 -38 -81 -26 26 66 -63 15 15 90 70 -87 -12 93 -65 -10 -65 37 -64 -44 -57 -66 -27 97 -19 -41 21 22 -7 -12 -9 35 91 88 -83 -73 -79 100 -62 -86 79 -73 94 -70 79 -100 -42 1 24 77 -12 -82 -71 64 36 78 -34 20 -54 
91 75 -4 -71 54 31 -38 -27 51 17 -79 26 27 -82 -11 -2 5 68 -13 26 80 99 51 43 -2 73 -87 60 16 -44 -4 -22 28 39 -70 42 91 22 61 16 -86 70 -9 -44 -47 -57 -90 -12 -40 -78 -67 -8 -78 -12 -68 -58 43 -24 -64 34 -43 -76 4 -31 24 76 -78 -76 11 -35 35 -18 -59 -51 31 -21 -1 -98 -67 40 
83 -18 7 -94 46 9 -85 -58 100 -2 -30 37 -53 30 70 32 64 -41 -19 59 86 85 -55 100 -9 -90 -14 -82 95 75 24 -67 -75 49 83 -36 30 95 77 3 -94 61 -16 43 64 50 -91 4 -11 44 65 -62 71 -12 62 98 14 -6 -88 46 50 63 -72 19 -41 78 -26 -59 62 -100 -51 -3 30 -51 79 -58 14 20 -33 6 
-30 96 100 68 -92 -76 32 -100 -52 25 17 90 4 -16 -20 62 -4 50 82 -51 -14 -98 -30 -34 -14 -98 -2 -35 48 -86 69 79 39 -34 -70 -56 -1 -20 -25 68 38 -15 90 -59 60 14 65 -23 3 -96 -65 -53 -60 70 -21 -72 -97 75 -38 -69 87 39 -11 -57 -3 60 -3 -33 -48 100 61 87 31 -26 -45 -24 -17 54 82 -83 
-30 60 17 -19 19 65 14 -73 92 87 -34 -52 -63 30 43 -88 21 70 17 -65 -66 -42 92 1 40 -6 99 -61 -75 -95 -31 -9 47 51 -55 -19 -32 90 -50 -3 29 45 70 78 -81 -88 31 -90 54 -61 -53 87 77 44 24 -82 21 -51 68 -33 2 26 68 37 -84 -27 6 -70 90 -60 28 52 -14 -50 -47 55 52 -32 -37 89 
-43 86 -81 15 61 -60 45 -38 4 -53 98 87 28 77 49 -20 -2 -6 35 17 89 24 65 21 47 -52 90 -80 -97 10 -81 57 91 -27 -8 -38 87 -21 -72 -6 -34 -79 -65 1 -29 26 -20 -47 46 82 73 -97 -44 59 90 -3 -39 43 0 73 19 -32 -89 -47 84 -18 -40 -95 -69 -31 69 -45 15 42 47 -13 8 19 45 70 
83 45 20 -71 80 90 6 -43 -28 -29 74 -53 -14 -58 27 -18 9 24 49 -88 41 -32 11 -46 41 -59 -68 74 97 -75 7 31 46 -77 -11 93 -75 -83 29 -65 -42 -64 25 0 -78 61 24 96 23 -26 1 52 8 -11 -93 2 -10 -35 -30 15 -77 58 -5 -12 -9 -43 78 62 12 -93 29 -91 -7 6 84 39 -37 -97 -56 -93 
-26 61 78 6 10 2 -83 -53 33 -96 54 -10 58 -23 -15 -42 49 2 94 76 46 -86 21 -88 -79 -33 69 -97 -37 38 -7 -29 45 22 53 -71 54 31 46 26 -67 -36 -94 -71 -10 61 -60 91 9 1 97 -1 86 -28 -9 -57 -22 -37 55 -46 -18 -99 -75 84 -89 81 -2 53 -16 -89 -76 -100 99 63 7 68 80 24 6 39 
-43 -77 -50 -52 -23 49 -61 29 21 11 13 11 -99 56 76 -22 -54 86 75 74 -77 2 -46 -24 -41 -6 -49 26 -30 -82 57 6 60 95 69 64 95 -32 89 68 -63 -49 -5 -79 25 -8 -17 -3 42 -11 97 -48 89 10 42 -58 95 -92 14 29 -88 -47 88 78 77 45 -18 57 72 -34 -56 73 -8 -66 -33 20 13 39 -8 -45 
56 -74 66 7 37 37 -38 -41 6 -71 92 48 -74 81 85 -44 20 -74 40 -16 23 88 -50 29 -87 67 4 -22 -63 -9 -46 46 76 -94 -12 20 37 81 -52 -3 -14 -1 80 -48 87 -74 -11 -1 39 -49 60 -47 -27 83 54 49 64 65 39 -7 74 55 -8 -6 -92 -76 -7 67 -6 78 27 -68 12 3 -79 81 98 25 -64 56 
-77 96 -12 -63 93 -40 -28 39 60 3 88 -94 -27 68 -28 22 3 75 -68 -42 10 -71 36 18 -64 -20 17 -34 -75 64 33 69 13 -63 37 -8 87 40 -97 -42 30 6 -55 -37 -66 56 -82 -100 58 53 -87 -13 -33 29 82 -19 -52 52 -73 24 76 -75 -93 -54 15 49 -81 77 97 -90 -96 -70 87 90 6 -75 -39 55 27 -21 
36 -66 43 68 -31 -7 -4 18 49 -89 -2 -2 -83 -60 16 -26 -99 36 -56 43 30 69 -82 -93 -36 -87 -9 39 -46 -65 25 -58 14 -63 20 33 6 -20 -46 -54 -80 94 -70 -61 -89 -94 3 28 42 90 -55 28 27 -4 11 -84 -59 61 -88 -74 100 -15 62 2 -12 73 -15 93 14 6 -62 59 21 22 -78 23 -42 -8 -83 81 
-58 60 43 -21 -67 -80 -88 -49 -31 27 0 71 -70 -9 84 56 -15 -30 -46 -75 55 43 79 -26 -10 12 -99 44 5 -65 -3 93 80 -64 69 40 36 30 74 9 82 -58 56 -22 90 20 -43 93 5 96 85 32 -16 -3 -90 -85 75 -24 -86 98 28 -79 14 -54 -42 -92 42 5 67 47 -97 65 96 37 35 -78 69 100 67 28 
-58 6 -31 0 -53 7 -51 43 71 28 -48 95 68 3 59 10 78 -83 99 32 -24 96 78 -32 -41 27 -54 59 87 -24 -27 -54 23 33 -100 58 43 -23 98 -68 -85 -71 27 -83 -23 64 -99 -68 17 -23 29 -35 61 -49 71 -90 8 -94 -95 -93 50 32 -21 -68 79 -60 50 66 -12 28 89 -15 -96 -55 5 -47 -53 10 71 -23 
-7 -12 21 74 78 -67 70 82 -44 -63 -43 -67 -99 -97 74 -4 35 -8 -33 -32 -43 -56 -22 30 49 -48 85 -33 22 -30 -96 29 -81 -51 -33 16 32 68 -70 83 96 5 82 54 39 -63 89 -48 -4 -78 -90 -21 55 11 -40 10 14 -36 93 1 -16 -28 -32 -75 35 -58 86 7 -100 75 -87 34 69 -34 -87 -55 -65 53 -22 -60 
-75 -46 -58 31 -96 98 99 35 70 32 81 -19 -65 88 18 -5 78 61 54 -44 21 84 54 27 -83 7 -2 -29 26 -6 73 85 37 31 49 13 -68 78 75 66 -98 26 65 24 -9 -73 -69 0 -96 57 -40 -71 -37 -56 -93 66 -48 -67 17 87 -31 26 75 74 -18 93 -8 -52 31 74 -95 20 -80 29 -60 -2 -79 -65 99 -26 
-49 -64 50 28 24 -45 -79 36 5 -60 -72 50 -71 9 65 -5 -31 -75 -20 -30 75 -58 51 -57 -69 80 97 100 54 -4 -53 90 -1 39 -52 -49 -41 -33 93 26 -28 43 42 -23 -45 -84 50 -18 64 -84 22 51 37 -63 -79 -7 46 68 -43 86 85 -52 -68 -19 -82 -55 -62 3 -94 88 46 0 31 -1 -98 -73 17 -87 14 -34 
77 15 65 81 97 -28 -58 44 -97 50 -53 40 -62 -82 -64 70 64 23 78 -32 91 -63 100 51 90 91 3 36 -38 -52 -89 73 -18 -55 63 -66 -83 -45 -3 -59 -69 -92 -39 5 63 84 5 88 23 -80 -47 -91 83 -16 33 99 -63 -44 71 -21 -93 30 -23 -56 -16 -98 19 12 -12 10 -61 15 94 44 -68 -27 0 58 62 59 
60 12 -39 -19 -81 -52 -9 -14 53 93 74 -66 76 -96 78 -85 -92 90 -65 -8 -79 17 9 -41 -57 94 72 33 -34 23 56 -44 42 53 -14 17 12 -6 -13 54 74 79 -98 -27 50 52 -25 54 -54 -30 -49 95 -31 53 -66 -4 72 -27 86 -16 -80 34 -97 40 8 10 20 47 13 -37 61 -80 5 58 -45 -71 -24 -84 -70 65 
46 -58 -7 -4 53 2 3 -49 89 76 -46 28 -65 -8 38 -17 -93 -1 12 -18 -96 75 1 -84 87 -55 -7 -13 -86 32 -29 -10 76 -79 27 97 -32 93 88 57 10 -53 70 -62 3 -81 76 -64 -58 56 -8 80 92 -41 3 49 43 92 -2 -89 14 -45 51 1 -11 -80 68 -64 49 -93 -8 46 -49 100 -59 -10 45 22 49 -7 
1 -60 37 -60 4 47 -51 -34 -72 -1 100 86 -88 4 -90 15 85 -5 -29 -2 43 -48 -81 14 -99 -23 -46 6 -57 -72 1 18 9 44 87 -58 -15 65 -80 -53 -12 25 16 -76 55 -68 65 -74 -9 25 -81 -39 11 69 -9 73 63 -33 1 -33 51 -41 51 -63 4 43 97 -20 49 26 -36 -71 -10 16 22 23 0 47 -29 -35 
98 13 -28 35 -24 12 -17 -11 -82 56 -11 -48 79 -26 -58 70 -19 -9 28 63 -41 84 48 40 2 -45 1 -93 37 39 45 28 65 23 4 -40 7 35 -30 56 58 93 21 -92 90 -6 -28 20 -37 58 47 81 53 34 85 -31 60 43 -18 89 63 -55 90 58 -69 -30 -54 12 4 84 -16 23 25 -74 8 31 89 -23 6 -87 
-62 100 -64 83 48 4 90 21 -82 -91 -50 84 71 -63 29 0 55 -45 -42 -39 -67 -12 -8 -96 -19 83 27 13 74 -83 -58 -10 24 89 -13 -58 -92 44 22 50 -77 5 22 -32 -53 86 57 100 54 -98 53 -32 -60 -16 -48 68 -80 -77 8 -79 82 -27 -95 53 -86 49 -24 46 -74 -38 -55 29 -49 -16 -5 -46 -85 40 -33 3 
2 6 -66 16 -24 -47 41 95 92 -46 -99 -23 -100 58 -21 11 -94 -100 65 38 -60 -97 -46 91 21 11 99 69 -29 48 58 -100 -57 20 96 4 -54 -77 6 -64 61 9 -24 37 -58 -31 -54 -85 -62 -11 -80 95 -21 -86 46 48 71 -32 -3 83 80 -59 87 19 51 -67 87 -14 -28 -45 84 -59 -89 -85 -83 61 -52 45 -25 -82 
22 -14 33 90 43 -81 -84 58 -86 -62 61 -37 -56 -54 -33 -46 -52 56 -82 -58 -92 -37 -60 -9 65 71 68 -25 22 -72 -62 65 -12 50 47 -98 -69 -97 -30 78 -74 -88 23 -22 14 -40 -62 -45 97 -78 -75 43 -23 -100 -61 -42 -14 54 -55 96 37 71 57 -24 90 -24 -44 22 46 -39 66 -80 56 29 -4 61 -100 -3 -82 -75 
-4 46 -84 -9 44 -83 39 78 -99 -58 -86 -47 -3 -66 11 21 17 -40 39 78 -44 -86 9 61 -57 -5 57 73 -93 12 -14 -55 100 81 25 -63 -35 4 96 -21 -71 -96 83 39 -15 16 23 -75 52 -87 25 28 -70 -26 82 -60 97 -16 4 -29 -54 -34 -55 30 -66 80 85 82 27 82 47 9 92 -45 22 -13 68 -58 -67 82 
-32 23 45 28 86 -54 -55 -66 23 25 -41 -45 6 -9 90 -59 -22 36 90 53 -64 45 44 -25 -23 98 -88 -41 20 44 38 -54 38 -1 -59 -9 96 42 21 0 67 -91 90 -51 -12 -30 -80 74 36 80 -23 -25 98 2 -19 -24 95 -41 -58 48 -74 60 -57 93 76 -19 -87 -8 -50 -45 52 -71 -50 -38 -72 -28 -51 -32 89 56 
-69 -30 -45 9 -91 -65 57 -38 -46 25 68 45 -84 45 70 -76 -45 -42 -23 -21 -76 -49 -11 71 -34 46 97 32 45 15 34 32 97 -64 54 94 71 -23 16 -20 -97 -35 -26 -77 57 -63 -44 99 23 -39 67 -43 12 -97 87 -69 -60 74 46 46 -28 -53 19 -42 -61 40 -30 60 46 -82 10 -42 -20 56 -99 59 2 13 -85 -71 
-14 -93 -92 -98 38 -44 50 -29 -4 58 -36 46 -10 82 -77 -86 98 61 -2 -25 10 -98 94 3 -91 45 -16 9 -14 -19 78 93 17 -63 67 -57 71 -39 14 -87 -21 -47 87 -60 -61 72 -73 48 7 -50 -18 34 5 55 10 -25 82 50 48 74 21 -38 -55 -15 91 -51 -57 -56 -22 -48 -53 -75 -91 -85 -78 69 -68 -74 -51 -31 
18 -81 90 -5 74 -52 3 22 62 -97 38 72 -65 -31 -91 -41 62 22 79 -41 -35 -82 -13 88 60 80 -79 80 0 14 -11 74 -74 3 -53 -78 58 -69 -64 -69 2 -18 -92 -11 36 -70 -17 26 81 -90 60 51 11 -64 -99 -42 37 44 15 30 -48 -78 -90 31 -78 -13 37 75 -91 7 -38 -50 44 73 82 11 45 40 -49 -28 
-10 -45 -49 99 -31 -75 -54 -65 -39 77 72 -36 83 -20 78 47 -24 12 -95 -97 26 66 95 95 25 2 81 9 -72 -80 -2 5 26 -43 37 -79 25 97 -56 81 36 -29 84 -68 -18 -87 3 -75 29 -37 -79 27 -25 -35 40 35 -36 -8 -85 93 -20 49 -64 -69 -9 -28 -35 -64 76 38 -3 98 -9 -5 -43 1 77 -1 -49 84 
-7 -67 73 -2 30 -55 -38 -16 55 -4 -33 -25 25 -25 62 5 2 -5 95 60 32 -46 67 -71 59 -1 -33 -63 -83 -41 30 -10 80 -56 63 -100 -20 -76 76 68 -51 26 -44 -38 -45 -60 -8 -13 -34 -28 32 -12 -75 70 -27 -44 -63 31 -2 26 58 71 -61 81 -11 -45 63 28 -27 -5 -84 -50 43 8 22 27 -59 -65 -75 -88 
-52 80 5 -42 -27 -29 74 36 51 49 7 2 9 36 72 -36 -35 -38 -34 66 -66 -40 -20 53 -29 80 46 36 -96 18 -40 -18 23 -96 -98 24 6 -38 -32 -78 -78 -18 100 -3 3 18 27 -35 14 -30 -27 -39 46 29 33 74 -92 -82 -23 94 -7 -18 8 100 84 13 -1 77 -89 82 68 -86 24 -85 30 5 95 50 -29 0 
65 59 73 -98 74 -36 52 -42 55 38 23 12 -87 -39 -96 -6 58 100 -25 4 -39 47 51 70 -43 -1 -89 58 80 -3 -51 -29 1 53 16 -28 96 33 -31 61 -7 21 -45 6 14 -97 -53 -55 81 -93 77 82 -12 51 76 86 -87 43 46 -63 40 35 -44 62 -47 89 -29 4 40 -85 24 91 -75 -29 93 79 -78 -25 66 -24 
-84 -48 16 -85 -39 -4 -82 68 32 54 89 -88 38 -59 63 -16 -10 -23 -16 52 57 33 -97 -81 -46 22 -18 -86 -66 -18 -64 87 15 -3 70 11 3 -49 28 19 -2 -79 -38 -34 -58 -36 -51 -4 19 -18 -62 63 61 -92 -67 -32 -24 -3 -91 46 -36 94 -58 62 96 74 40 8 -88 -43 -99 21 -60 -95 -80 68 44 82 70 -86 
-84 70 -51 54 44 29 48 92 -33 39 76 -87 -52 76 -25 39 11 38 36 43 -53 43 -59 31 -57 -12 -45 73 32 36 -42 -85 -34 -79 -15 33 -50 -38 3 14 -51 -55 -90 -4 75 97 -60 53 -16 -43 43 -4 -47 -14 91 84 -81 -81 -15 -78 2 -95 -51 20 4 99 -90 29 19 34 -93 -9 30 -48 -18 -91 48 80 -55 62 
62 11 -56 -74 -70 -26 -82 39 3 -52 98 -3 2 -18 17 -3 -93 -62 -55 -14 -93 1 82 -82 -85 35 77 -44 -49 -8 51 26 90 88 -91 48 85 -10 -38 69 62 38 21 -90 42 17 30 -65 -98 48 43 -84 -7 -16 35 -69 59 -52 -23 -57 41 -14 -87 -11 -8 -45 89 98 41 0 -8 -75 -67 -92 -87 -41 -82 86 24 77 
-77 29 94 -42 79 -27 95 77 -78 73 -7 49 42 -24 14 -6 83 -10 -67 -90 -88 -67 -31 11 -61 -47 65 68 99 -3 -54 -69 60 -89 19 -27 -83 -40 -90 -72 -85 98 -30 19 67 -82 -14 21 87 -19 20 -79 -90 24 -62 9 70 16 100 46 -16 -86 16 -59 -95 49 92 -100 -87 58 25 -95 66 -56 43 51 -14 58 -12 -33 
-59 75 23 26 -25 78 15 10 4 -3 -95 97 3 99 -36 -87 52 8 68 30 73 -13 22 -69 55 -98 78 89 30 -51 3 -32 -100 -16 2 -25 -64 -38 -68 39 -32 -83 -60 17 -79 -52 -45 72 21 -11 74 -3 81 56 80 42 38 -42 16 -58 3 90 -7 -87 -87 74 -34 -53 99 -38 -82 -19 -36 -26 14 -42 72 -67 76 45 
-44 -54 31 -68 -3 75 -75 -32 78 -26 82 -9 4 -38 -50 36 -70 67 16 -22 -72 59 46 -18 46 -36 -14 21 -50 28 72 41 -56 13 -40 19 78 -36 -79 -60 -17 -68 1 -47 100 -47 -22 -89 -44 92 -38 42 -16 0 48 -40 68 79 96 -43 2 91 -43 -95 27 -61 -23 -81 27 -67 23 87 82 34 98 -64 -57 -43 -47 17 
68 9 -37 -62 29 26 69 63 -100 36 -93 -92 52 44 4 13 -26 -13 -17 2 -69 80 76 -19 86 44 -56 -54 -78 -34 -98 23 -17 23 4 -4 83 -78 79 -12 -4 -67 -77 93 -98 -78 -60 -25 79 -95 42 47 15 17 -81 6 60 50 22 79 8 30 -60 -16 34 -93 -38 93 80 -13 -9 -70 -100 -59 11 38 -83 61 5 -9 
84 -23 -66 65 -92 -14 -73 34 -95 -3 -37 -4 -68 -16 -64 -27 53 32 81 -8 58 -44 -35 79 86 50 14 -100 18 -61 -84 48 -39 -86 33 41 31 95 -98 96 63 49 50 -49 -29 20 -18 -37 -21 85 59 -26 -24 -67 2 36 79 6 -94 -65 22 -88 46 26 -82 -83 62 -10 -64 77 -23 -66 36 71 80 20 -65 4 -31 -15 
73 -52 -3 27 60 68 -74 88 -10 44 -52 -49 -72 -35 77 -86 -83 39 23 -48 87 73 84 -78 8 73 -3 -35 64 92 -58 33 1 93 -88 -25 -57 -18 70 -82 -54 28 43 47 -61 -48 43 -40 83 0 -71 28 11 60 74 -8 88 -7 93 -97 -51 11 -51 24 91 -71 6 -87 -73 94 -10 -6 -61 13 77 15 7 29 72 -51 
85 21 -43 -45 62 20 64 24 -45 -19 -45 87 19 24 -48 18 53 -38 34 0 0 90 57 18 -47 -53 53 -61 51 -13 -61 -77 8 67 48 20 22 -93 73 -91 27 -44 74 40 -93 -35 99 50 -31 39 -96 6 100 -42 -59 95 -20 23 42 4 28 52 -40 -20 48 39 -91 -61 -48 31 72 -27 11 0 -96 90 75 -100 -67 -12 
-56 48 -89 -28 -36 -12 -98 88 -65 -23 59 -88 -69 68 49 -45 39 -26 16 6 15 35 80 -70 -49 65 43 75 -69 3 -55 -59 -100 15 -35 72 34 97 -68 -14 92 56 18 -41 60 -16 63 -43 -86 -44 -99 -74 81 -43 -54 70 46 11 -63 -52 71 44 79 -41 -16 -12 -53 45 57 -49 95 -40 68 32 94 99 -66 -46 40 61 
-26 -30 7 34 16 -13 12 74 93 51 100 49 -32 -92 -34 -99 -57 82 56 -34 -86 5 -28 64 -17 63 34 -31 20 -30 84 -65 -95 60 90 31 85 -11 -38 -13 45 59 30 -98 -61 2 -57 -80 54 -15 -82 23 -25 88 -3 -99 41 34 -93 56 64 36 -8 58 -76 91 -13 -14 44 -48 92 23 -17 34 11 -91 -82 97 -82 -33 
-16 -79 13 77 12 24 52 12 36 52 -34 85 9 -70 7 -61 0 -15 -5 -66 95 -90 -93 34 75 9 6 -31 7 -33 42 -80 8 59 -69 6 28 -40 76 -97 -54 92 22 -32 41 23 -99 73 96 97 71 42 -82 -68 56 70 20 15 93 -75 -85 6 26 35 -79 89 90 73 96 24 30 -17 18 91 -78 -58 95 -72 -89 76 
19 -18 70 22 -31 -24 -80 65 -17 74 -85 -92 -81 -25 -18 80 83 11 -7 25 21 -49 -39 24 -90 99 -82 34 98 -86 -18 88 91 51 -71 84 -20 -7 -58 -90 54 25 -81 -16 -41 -63 14 -34 99 7 62 62 78 -97 -100 -72 74 -44 69 -3 -37 -21 35 -35 -54 43 94 -15 83 -68 74 -40 17 47 73 -64 -30 -30 23 85 
-54 -19 63 20 6 67 -97 -46 -70 15 57 -55 -19 38 -48 68 86 -4 -24 -81 -26 -79 -22 -52 -47 49 16 42 -98 -20 -68 23 46 9 62 74 -62 -85 -42 4 14 56 55 76 55 -11 14 -89 46 -40 60 -70 64 97 -3 42 48 -70 91 -7 -25 -46 -3 -93 -16 -82 11 -89 87 0 51 24 -79 22 25 1 91 68 25 33 
-40 85 -61 85 -72 88 -87 -67 42 71 -57 57 39 38 64 32 -34 57 12 31 -88 96 -74 -28 93 -6 -49 -86 -98 10 -89 33 -30 68 -37 30 -45 -64 -79 -62 -93 45 60 -82 -93 46 62 -65 99 50 92 57 92 -56 -76 31 28 8 21 -73 13 -52 82 67 -27 90 65 -26 93 -82 -38 -86 -76 -100 24 -3 15 58 -4 -13 
3 -86 -21 -97 -2 -4 34 -80 40 0 -82 35 -2 62 48 -90 -67 69 -96 18 -73 51 91 -92 68 55 -55 13 -94 -89 0 -48 26 -40 -24 -68 51 41 -70 -23 -46 -11 -77 73 -81 -93 59 53 83 98 -32 -12 5 81 15 75 29 -55 54 17 70 6 -42 -68 -7 43 59 84 93 -64 35 -6 93 -67 -3 43 10 17 -49 94 
-55 -87 -53 -100 -26 59 70 51 13 -15 57 -72 -92 30 -49 89 73 -53 11 100 80 -6 49 -10 74 -90 34 -45 17 47 59 44 31 76 80 -15 41 32 -13 32 92 -88 -6 27 95 64 6 23 68 94 -57 -86 -77 -96 41 81 -44 -58 34 -6 86 89 -34 34 25 -20 -57 91 -42 78 60 -8 88 89 85 39 10 -12 31 -13 
-90 33 -85 -82 -90 83 -42 22 82 78 97 15 -34 86 95 28 -21 9 -43 -8 100 69 -59 78 -15 20 -92 -90 -90 -72 -91 57 -68 -80 -57 -97 23 -27 11 37 48 39 -44 -14 2 41 57 19 -44 -100 -82 86 55 -19 20 71 -84 89 96 -56 -48 -76 -19 -49 -89 6 -3 37 -42 51 -16 25 50 52 12 14 -17 95 55 -13 
28 33 -69 -76 -100 15 51 88 7 28 75 -17 -11 -92 62 -39 -82 80 -42 28 22 -51 -93 -1 -91 51 10 14 -81 -47 62 76 -23 -23 -23 -15 -23 86 44 80 18 56 99 8 48 78 24 32 77 45 -31 79 -31 13 82 17 6 -88 -24 -85 57 -82 83 -7 100 7 -70 95 82 -15 38 94 -75 52 -65 -92 71 36 -44 22 
23 -80 -69 58 79 3 87 74 -39 44 51 -68 -91 38 -73 31 44 38 34 -27 -33 76 -6 65 -5 56 -71 -98 -63 19 -66 -43 18 -38 13 70 74 5 -10 33 45 -71 -95 -33 -33 51 7 4 -79 81 11 -97 86 99 -63 -62 -94 67 -96 -48 -35 62 -39 69 24 74 45 43 -7 -36 -82 -68 49 54 14 -19 29 -94 62 -23 
42 -93 -99 -46 -1 68 -18 -8 -11 38 -46 51 -73 -48 -99 -22 19 -85 63 89 -55 40 -77 -70 4 -36 28 57 35 52 -67 37 76 99 71 -51 -65 63 34 -37 58 84 51 55 -65 -4 42 49 42 66 15 -37 -91 27 -44 27 -53 5 1 20 -65 -17 36 -26 -59 -45 75 66 88 -83 -77 93 -81 1 -64 -7 -86 -63 -16 -93 
71 42 -48 -32 47 -93 -81 -92 35 13 -93 -46 94 -92 6 83 79 -89 -87 60 -58 -52 4 -38 -46 37 12 51 6 76 -54 7 19 -20 -83 -69 48 45 34 66 85 93 64 -92 56 -66 67 -48 14 -34 50 63 -90 -72 59 61 48 -42 17 63 -3 50 -54 -39 -72 62 77 -57 -96 -30 69 25 83 42 86 -34 -72 -95 23 81 
97 100 18 81 84 -15 -18 -98 -90 -64 -59 -87 76 42 10 42 8 -14 25 74 -21 -99 53 48 47 17 81 80 -83 55 84 -71 -63 29 95 -41 31 80 -88 -1 49 57 -97 9 -4 48 26 -89 32 7 -43 -53 70 -8 -22 -85 -84 80 -13 -89 -48 58 24 -64 26 45 -66 -23 -22 66 91 96 -92 -73 86 -23 -38 2 25 -55 
69 -18 44 -80 -34 -73 94 -72 1 61 9 -26 -65 -39 25 2 82 35 -59 80 100 -100 5 -69 48 -6 -92 -99 -63 -64 -29 18 7 72 -19 -13 -47 -18 77 -90 -45 -21 81 39 12 33 -43 -98 75 52 -43 23 -64 56 -51 -57 18 13 48 -44 73 36 -3 -54 78 70 2 63 36 55 69 21 -34 -89 28 -8 13 -37 44 -38 
-43 40 -30 -18 -30 -82 55 33 8 -2 94 -14 -94 11 -81 88 -81 -78 24 -41 -8 -75 93 65 -45 29 55 64 50 -84 26 -80 -58 -63 -63 -10 -17 -6 41 -81 -32 -34 -73 81 94 -72 -35 -48 49 13 -45 -33 -36 37 -74 96 -55 -41 82 64 -85 -13 -55 56 -72 28 94 24 -20 98 -48 41 11 -70 -98 -31 -17 43 49 -20 
-27 -11 5 -43 -99 -86 -36 -83 -58 71 -20 -45 -80 -68 -57 14 28 -43 33 -37 100 -58 44 11 -51 -15 -67 64 64 -77 -79 -74 -21 -53 -8 92 59 93 -76 -60 91 -6 38 18 -68 53 -89 -52 -15 -94 -81 1 -62 -57 51 -10 96 -96 13 20 -91 -40 -38 -28 -39 -34 66 61 3 53 31 51 43 -22 -25 10 -37 -52 82 -34 
-64 -3 63 70 16 -75 96 49 98 63 51 17 -40 -5 -64 -59 63 24 50 9 -16 42 14 35 -60 41 61 -33 85 69 -59 -56 68 97 -39 58 -43 18 22 61 -42 72 53 -40 -40 62 31 -80 -7 4 91 11 67 -15 -65 -78 2 -2 -85 -94 34 -85 -45 4 49 14 -16 55 -85 -3 90 91 87 10 42 43 -93 -96 -4 -98 
