-63 79 68 -82 -84 49 100 100 -57 66 81 -53 -20 87 38 -33 88 59 96 81 -18 96 60 -23 74 -6 -5 14 95 96 -17 73 6 -37 41 74 -61 94 -77 19 -92 50 -3 68 -12 -33 49 -51 61 -14 -8 -4 -36 77 79 50 -72 69 93 -63 23 -10 -21 -75 -44 26 83 -10 3 2 -72 75 15 57 72 70 -36 -41 62 42 3 0 -91 -53 15 74 -40 97 51 95 45 -25 -86 75 -27 -74 -30 -79 -64 -43 
-60 -44 -48 -65 68 -20 -66 10 1 94 98 -46 -9 -75 85 -29 64 72 61 41 78 77 89 52 -11 -95 -89 -37 60 -32 24 -77 -17 -82 77 66 -78 -69 91 -36 27 -11 -50 -29 92 30 -59 -67 -32 -44 96 88 -80 -75 -84 -52 -99 59 58 2 97 -16 31 -62 -31 21 55 -73 93 -70 69 44 91 -87 -79 53 -50 24 -51 -100 93 91 -47 -63 0 16 -44 18 -25 57 8 -44 -17 65 43 -51 -63 61 98 -51 
-85 -90 16 23 -94 -8 -70 -61 30 24 -73 92 45 27 -27 37 75 55 -91 57 53 -74 69 24 -69 -20 15 -76 38 -8 -6 -62 69 98 81 56 -96 -49 -76 -100 76 84 71 -70 -11 100 -57 -37 -96 45 -56 -28 -70 28 62 36 69 -2 -38 36 -58 -41 -82 54 -99 4 -22 -40 -39 25 84 -43 77 68 -35 61 -54 -7 -29 6 57 34 94 18 36 -60 47 84 -77 53 -44 -78 -5 -43 -96 69 -31 -45 79 94 
-47 78 93 -75 -93 -71 -82 -92 98 -57 -19 -16 56 -27 -25 100 -88 2 73 70 98 -70 -4 4 37 30 48 -45 51 -48 -7 97 -63 59 -86 -94 41 70 -78 17 68 59 -6 46 98 -47 75 65 94 -37 58 70 -11 14 48 -3 59 -83 -36 37 65 37 17 0 -81 -82 80 100 72 74 -83 5 55 -97 29 17 -41 67 69 51 2 -32 -2 -28 -10 -66 94 50 80 20 65 -76 51 -55 72 72 -6 11 37 32 
-10 39 -91 98 -87 -87 -61 -49 -2 73 -19 -5 0 8 -4 -10 -66 86 11 0 -100 2 63 95 -53 63 8 25 -2 -28 38 74 94 57 -82 34 -43 53 97 -70 91 58 -68 31 92 -88 45 -83 71 -94 44 -50 99 3 -60 74 -17 -69 76 23 -22 59 -25 87 -37 -74 11 23 9 1 35 100 -38 96 94 -63 -71 -56 -68 40 69 -42 -9 10 -40 36 -17 54 28 51 26 -31 -7 81 22 -73 -5 -58 -52 -39 
-90 -69 -30 56 -59 12 -55 -9 43 -27 -40 -51 93 34 28 -99 -49 -26 66 -66 -27 3 43 83 -81 4 45 18 29 -67 43 -76 -92 80 -49 3 89 -71 43 -59 61 50 17 27 86 25 37 5 17 52 95 72 -96 92 -43 -74 79 77 -50 95 57 88 -12 -12 13 -49 86 -43 -84 -32 -41 -64 -27 44 -80 17 44 97 -40 99 31 -25 -56 16 4 -79 -78 19 55 -46 -23 -2 75 -16 -23 -4 -80 -19 -85 -93 
10 89 31 -22 -13 41 85 80 45 3 -26 32 83 -8 -24 70 -12 -95 18 44 22 44 -33 51 56 17 -22 -68 -64 7 -42 -44 17 72 -43 -57 -14 59 41 -20 -92 72 -82 -82 19 -85 -12 79 -1 -1 90 62 -57 -37 29 -27 66 80 -19 26 50 23 6 28 -95 79 15 85 55 -39 -42 9 85 75 -93 -25 -88 -97 -58 56 53 65 91 72 -67 -66 34 61 -9 -99 72 26 -37 8 73 -30 -25 91 20 42 
60 -68 -94 35 -97 -100 -7 -77 14 -75 82 95 60 -28 -52 58 68 -64 -6 37 81 65 -16 -63 -15 -94 78 -39 55 45 94 21 -10 43 29 59 49 -29 18 84 79 32 21 -89 -5 -4 -90 -1 57 92 -58 -70 -71 -31 9 -66 81 52 -80 70 -11 -28 99 -73 67 -39 28 -12 -54 -30 -53 4 -38 -17 -27 -42 -43 -61 61 64 77 -47 -26 -17 67 63 1 72 -88 7 -96 -4 77 -93 46 -99 -51 63 -14 65 
-66 -85 86 -83 -4 -75 19 88 100 77 -89 64 -99 41 97 -54 7 62 -25 -72 93 16 -1 -35 79 -51 -84 90 80 -90 14 16 29 68 25 -100 -58 83 91 43 -76 -12 -17 -95 9 71 35 -43 25 41 47 96 -57 -18 -23 65 22 0 54 -19 14 38 -74 -8 13 27 20 -25 -32 88 55 -1 24 -23 60 -13 -93 -69 32 -78 -66 -22 59 73 36 96 -29 -24 -51 -42 68 47 -30 -87 -23 74 -50 89 78 -58 
-70 16 40 66 35 -5 95 38 60 -56 71 56 39 17 -16 -51 -57 -72 96 59 -67 -51 61 93 -70 -23 -14 -36 57 -54 -17 84 -62 -4 -10 -3 49 -47 27 -77 2 1 49 75 32 -55 32 41 -64 -7 -55 61 -69 53 -51 -13 -20 34 -29 56 94 62 3 19 29 -33 -60 82 6 -70 -49 -15 65 -18 43 -47 92 81 98 -17 99 69 -36 -77 52 41 46 9 -44 12 -55 13 -40 11 77 16 1 -1 -11 -37 
9 14 20 -48 52 69 -42 5 -32 100 98 -9 -99 83 61 -94 23 1 -75 -75 36 72 -90 1 72 -88 64 38 83 27 -67 -30 28 -76 -41 90 46 -71 -86 -42 -70 14 -66 -4 10 -18 91 -68 16 37 38 73 17 -94 -19 84 -41 -43 88 -85 14 67 -29 -19 61 15 84 -15 -63 52 88 48 -14 20 -98 -67 77 11 0 -57 44 -50 -15 60 40 -35 84 24 -77 66 -15 -94 80 53 91 -3 40 95 83 -62 
-65 -56 42 35 20 31 -84 -79 9 -18 26 76 9 56 -63 79 83 -60 -2 22 -22 -64 10 77 18 41 -12 0 -97 -41 15 -83 6 7 40 51 35 -71 81 24 -83 -86 69 -51 -75 -38 -59 -71 52 19 -36 57 81 48 -78 65 2 39 12 32 9 -82 -33 80 -42 -33 -41 77 -27 1 24 -86 46 56 19 95 95 -30 -57 77 41 -21 -71 73 -83 47 82 -73 -60 51 66 61 -12 71 -42 -39 21 67 7 -70 
82 -10 -40 -41 24 -47 -2 19 -21 -41 98 -62 35 -69 -46 20 -96 23 56 -36 -13 -32 -88 -47 -90 -18 -90 -84 -63 6 8 21 12 -50 -87 35 -87 -20 0 23 66 -11 93 65 -39 37 65 18 -91 97 62 9 41 -27 10 89 50 -78 -43 -81 -46 -93 28 -28 19 17 62 -83 -54 92 97 32 -98 -22 87 85 -72 80 -87 -3 -79 83 -3 83 -86 12 9 -15 71 -19 32 -96 -87 9 70 16 -80 -10 54 -26 
62 -24 -14 -70 -43 -81 -8 46 11 77 -82 -30 52 87 -26 -26 67 -35 -32 -35 37 64 90 -16 26 -91 96 47 85 34 16 -63 2 67 -25 56 22 32 68 1 -21 92 -77 -78 -12 -67 81 -20 -93 27 -13 -9 -54 33 -61 -12 95 59 87 -19 -63 89 23 -36 4 85 71 -66 56 -4 -24 12 -42 79 -98 -94 -43 -39 77 -28 -73 -23 -24 76 79 40 58 -22 -1 -29 81 -88 23 -29 -25 100 22 17 46 27 
92 33 -17 55 96 -2 -66 -52 63 -95 -92 -43 -1 4 -23 -36 -35 68 35 -19 -10 47 -77 30 -98 76 -84 76 -6 -95 61 -71 99 -38 6 36 -55 15 -87 -51 3 87 -53 57 -37 -61 -43 95 51 90 7 92 17 -92 44 8 -58 69 98 55 65 -4 8 90 -49 -29 75 81 81 -1 -82 -97 -75 -25 40 100 13 -84 -57 -19 11 -25 99 85 -49 79 42 85 -97 -98 41 12 61 99 84 -75 -57 -27 -5 -78 
-51 47 -15 -34 -32 94 72 75 -69 -81 40 80 4 -17 76 74 30 -63 66 -53 -36 -98 -18 44 6 -88 -53 74 -27 -95 49 74 -11 -90 46 -46 -70 49 -93 92 46 21 -100 68 49 -59 47 44 -29 -91 -48 -59 13 84 30 -42 78 89 49 -68 2 -37 52 38 82 -53 -11 -2 -70 29 -31 -5 74 100 95 -58 55 43 -6 -13 70 3 -9 -1 65 93 66 55 -69 -9 71 -56 -38 57 -7 0 -49 -76 -39 -85 
-30 71 34 20 47 -53 53 54 -34 -78 -32 -33 47 70 -66 31 -90 -41 -27 90 57 -31 46 -38 6 5 55 24 -90 3 38 -13 60 -83 -65 43 76 38 -7 -11 -73 -78 72 -1 71 30 -73 12 47 -13 64 100 -12 60 -34 -22 4 -85 69 1 -30 -70 -38 -91 -80 -62 56 -18 -23 -12 -14 -60 24 -19 1 98 -61 86 23 72 -61 44 0 -49 -83 87 80 -18 -64 67 66 36 -55 -32 96 43 63 -42 29 60 
-77 15 17 -5 -15 -91 79 13 99 26 -57 26 90 30 -92 15 -80 60 20 40 89 -38 -38 -13 50 75 63 40 47 41 -19 73 57 80 57 -98 -41 -14 86 -95 52 86 99 39 45 -95 -46 50 10 -62 90 20 83 -99 13 34 50 -6 -42 8 2 -61 83 -22 -100 94 89 -8 0 -7 -46 75 -33 69 0 47 95 99 -57 -44 77 -45 13 -65 92 -91 24 -72 27 -50 72 -67 91 -26 96 51 50 -45 10 75 
-35 61 -54 1 -60 45 -69 65 33 93 61 32 5 -50 82 -81 -86 -69 73 25 70 -94 71 23 82 -60 -8 -16 40 -98 67 53 -44 12 83 -70 95 72 18 -99 -73 20 58 42 -22 -30 56 34 37 71 -8 95 0 53 -80 -95 -37 70 -71 33 -52 -32 74 -36 0 74 34 85 33 -92 60 -68 -74 -37 -33 5 5 -26 -18 -24 -45 -23 79 32 14 61 23 -60 95 -92 -35 17 65 -50 55 73 22 -21 35 -20 
67 -100 -36 -69 31 -85 50 -17 29 16 -13 7 79 58 2 -7 -68 -93 72 98 35 -64 -71 -72 -39 72 73 -59 -61 -32 15 -53 81 71 73 -4 95 -84 30 -99 -24 -7 -51 -87 -19 10 81 79 -30 -92 82 37 15 26 -55 83 -90 -59 -42 42 22 -95 23 71 32 42 86 -24 83 -76 38 90 49 -34 45 -3 -62 50 36 -96 100 19 -48 -57 46 -43 -98 -1 -5 -12 6 13 -35 86 60 -22 17 90 -10 -32 
-64 -56 74 64 -100 14 -58 -64 -33 68 100 75 47 3 82 69 49 -89 79 86 -79 12 66 -63 -87 8 77 -28 -22 -63 -71 -60 -7 91 17 -53 -14 76 -47 -24 -72 27 -67 -2 48 48 83 53 99 0 92 -17 -63 -97 12 97 -86 -11 -91 66 -7 100 93 74 -32 -21 -89 -16 86 -34 -58 70 -47 55 22 -87 -66 27 15 46 -54 47 42 15 -83 81 -1 82 -9 32 -41 -4 -16 -28 -2 53 -27 -83 -69 -28 
-61 -91 90 -47 61 69 37 -11 -77 2 78 70 42 52 -81 -12 -60 -19 -60 86 -29 72 -4 -92 -8 -27 -4 17 84 -94 -31 -55 88 37 -31 55 -7 85 -65 -80 49 93 46 89 52 16 -94 62 29 -42 94 50 61 -20 54 -1 -53 -8 -73 -70 -72 70 -40 32 78 -30 93 -94 -15 -80 -45 60 -47 64 -30 36 -40 -55 94 -37 80 -96 4 -7 -44 -35 -71 40 -43 18 3 -7 -78 -52 68 -45 -45 -60 -56 -1 
22 95 17 75 67 9 59 -46 71 9 7 78 -44 33 71 -21 -75 -95 -4 -55 21 96 88 97 -79 6 -11 -3 -33 53 89 -14 -78 24 92 -42 35 -54 75 67 94 76 -41 -74 -99 -72 -7 84 -100 89 96 39 28 21 89 -98 95 15 -26 -6 -21 63 73 69 1 -47 50 -26 -40 79 -1 25 -90 -47 98 65 100 30 100 -77 -58 -16 40 -82 -23 85 99 -39 -4 64 -71 80 -89 62 -95 -35 33 24 33 29 
41 -13 -95 -13 22 46 -18 -20 11 -3 -91 -100 20 28 -56 -49 57 -7 -68 -54 -85 -7 -13 19 -28 -31 84 36 -2 -15 -43 -46 -33 -32 83 19 93 -67 64 -9 -8 41 -99 -97 -70 -40 13 5 -21 8 32 -86 -22 -95 -63 54 -40 53 48 20 -58 -77 -44 58 42 27 88 71 -85 -12 -68 -5 -95 9 -5 -52 -39 -57 -20 12 -15 56 4 25 13 23 -97 100 -47 -84 -47 -88 -8 88 -66 7 -63 89 32 73 
81 90 69 54 5 14 99 -20 -46 55 58 20 92 -47 79 25 87 96 -51 -14 81 -40 99 56 67 -21 -72 -27 -24 -60 85 -100 -96 1 -55 -77 10 32 29 -100 -68 31 58 -65 55 71 89 -13 -44 -26 99 37 -67 25 59 15 70 -9 -28 40 -74 44 -31 32 -72 49 25 -88 34 20 13 -46 -19 -45 -44 -89 -20 -69 59 -24 44 21 -84 -10 74 -13 21 -28 -65 23 -17 77 -23 -1 -46 -52 72 59 80 7 
-66 -18 -38 95 31 50 -38 -24 -40 50 -3 -22 -26 -89 9 75 -54 95 -2 72 -58 70 -80 22 54 52 -21 12 36 -29 88 -86 -75 -49 68 30 27 -95 46 95 31 82 -66 -82 -39 -96 -67 -26 49 50 -86 6 -87 54 14 -16 57 100 -37 -67 -27 -34 64 19 76 -69 68 89 -60 -71 62 -51 23 20 -81 9 -24 -50 87 47 98 -2 100 5 -57 30 55 -57 88 74 -99 -95 46 33 -31 28 32 -20 -99 -69 
-33 8 -36 -24 -58 18 72 4 43 -66 -47 -88 25 67 -95 60 8 79 51 45 -39 65 57 82 47 51 57 -95 88 84 -53 12 -1 -29 77 -47 -47 -38 5 66 72 7 66 -67 -36 -44 -50 1 -74 -25 -15 32 -77 -42 12 -94 -71 31 -41 -58 -69 -39 -24 -15 74 -9 -95 3 -96 81 95 -28 -44 -37 85 -4 48 -78 44 -24 -57 47 -11 47 -36 29 15 91 5 41 -45 -49 45 65 92 -68 74 -91 85 -38 
-10 -19 19 -100 -50 -62 11 95 30 80 -11 -22 -37 -45 -58 12 -74 27 89 84 -3 -100 13 -63 79 -10 90 -70 -47 -49 -72 82 -52 61 -71 9 100 86 -62 -24 13 -88 -44 -13 71 85 46 16 -2 -50 -61 13 9 -54 19 -1 -70 -61 -83 -25 67 68 -59 -50 68 0 97 85 77 42 0 -91 53 60 1 8 -5 65 61 25 -55 36 9 -24 10 36 87 -66 33 -80 -17 58 -86 -90 51 -60 69 -73 -80 -26 
16 -32 26 15 -71 56 -90 -35 36 5 -13 -4 22 52 19 -28 88 6 45 86 -31 -86 81 -11 -25 -4 53 -98 -38 41 62 48 65 65 -59 -36 90 97 -34 -4 -52 55 -94 8 -75 23 44 13 -52 -72 -76 -32 15 -16 76 -52 -90 -30 -95 24 0 86 9 46 99 -2 80 74 -98 24 63 56 -36 -31 -94 42 -7 -79 -88 -99 6 -4 19 -79 84 -85 -34 68 11 86 22 66 52 -52 -90 15 -30 85 -35 75 
-40 -68 49 -96 -37 20 13 -33 -76 15 -30 -69 18 48 37 -64 -3 27 64 -93 39 21 75 -16 -78 -68 76 54 84 68 41 -9 44 -1 98 44 87 68 47 -82 -99 52 -68 27 71 -82 -39 93 60 -46 -46 -28 -96 -87 55 69 85 -67 -83 67 79 -66 35 -78 -3 35 20 -59 -48 93 -58 22 -25 9 -90 -16 -10 4 -72 28 5 11 89 33 -72 46 -38 62 -17 -49 -33 -73 -45 -10 96 54 88 -10 18 43 
39 58 -29 -78 -77 -9 -49 -89 -38 79 -52 -58 37 25 -2 27 88 66 82 13 58 59 8 -11 -61 17 -68 -84 37 4 38 -37 87 20 37 -51 -15 95 28 64 82 94 -84 -67 -74 -73 94 25 -88 77 96 -54 35 28 -48 -34 -38 -7 3 -48 -85 -30 71 84 90 18 -7 11 -74 -29 -94 -48 -87 16 43 -22 -51 58 -66 -47 -39 -26 90 -14 32 -5 -96 30 -20 -19 94 22 -45 67 -4 27 -79 53 73 -82 
-53 -13 -25 74 -7 -96 54 -47 -23 17 -88 74 -18 33 20 -43 -56 -7 79 -87 -34 1 46 -36 50 -39 -49 -12 13 28 36 -86 -8 81 47 -8 32 25 38 14 -4 51 19 19 31 -25 -74 -55 -24 17 47 81 51 -45 -58 -6 90 64 43 -45 -49 -78 -55 -49 -33 -95 53 -81 94 -2 -40 -97 67 -78 -47 22 -60 49 2 9 42 71 62 78 62 -78 49 -81 -4 51 -70 -45 -44 -2 84 -46 -1 42 48 83 
88 10 2 24 64 17 31 78 6 -51 69 -86 -50 23 57 29 -35 -66 -68 -58 -31 1 -76 -67 -18 7 -72 21 -62 11 8 84 -3 81 -44 -23 -36 83 -49 -52 15 -52 -100 83 -20 53 15 75 -90 -20 21 21 3 34 78 83 -4 -29 -43 90 33 74 -15 50 -6 86 -85 11 64 -99 -82 87 28 43 19 69 95 -21 74 -26 12 -100 -4 10 35 -53 -87 58 -2 -41 61 -18 -17 -23 -65 94 -78 73 -95 -39 
21 63 69 -75 6 -33 100 -26 -68 -46 86 97 63 1 -88 -60 -83 60 -4 -92 -49 8 72 48 -43 -4 -7 -20 89 39 96 69 9 -75 51 -59 -74 85 58 45 -98 47 -22 -99 29 -17 3 5 18 -8 -32 -98 -58 31 98 -40 39 -17 1 18 83 55 49 53 49 -34 -19 79 53 -23 -95 -47 -89 -16 86 3 66 6 35 21 18 5 11 -58 -27 7 49 -69 -35 -95 2 -28 -59 28 -37 -9 4 50 -61 -41 
-68 -21 -52 -73 13 92 -59 -16 -26 -59 92 -42 -67 -87 -49 41 16 -90 -69 -90 78 18 73 12 92 61 98 -34 88 -63 -60 68 63 34 -78 57 -90 -46 17 0 -33 -83 -39 -94 -84 1 -73 71 -43 -21 -24 -49 12 56 -69 96 -45 -30 -36 -53 -10 5 7 14 57 32 -28 18 58 -72 -6 74 -74 21 -77 77 66 33 -36 22 -99 -77 -81 -42 78 -24 -49 25 -91 -57 69 -52 90 -26 -21 56 -58 -28 -63 -34 
4 -28 -64 -79 22 93 35 57 3 -86 -77 87 65 -63 -17 19 -36 50 -16 24 -58 -26 -90 48 -6 -30 -78 -82 -62 -30 28 100 82 -54 88 -16 -40 -16 -12 97 -88 -42 88 -62 -44 50 -99 82 -91 26 -83 -52 -33 -9 -25 -18 -17 -1 13 3 -50 84 -87 -54 -85 87 51 93 93 72 -69 97 -24 94 -93 100 18 13 82 40 45 50 -33 47 -72 100 86 77 -51 46 55 -29 -67 -73 68 95 -34 -61 93 83 
43 87 16 -78 10 43 -12 80 39 43 -24 57 32 50 -97 -75 62 65 -41 -62 2 -89 34 74 -93 11 -51 85 97 79 -15 68 73 8 -100 -50 34 85 33 -58 70 -93 39 56 89 24 85 90 98 17 62 -41 -28 39 -95 41 77 -84 55 12 65 43 -6 69 81 87 7 12 -45 -91 -13 77 -89 34 -52 -49 33 -66 -13 -72 -77 -71 74 80 25 -40 77 -40 9 -28 -87 51 76 97 55 74 -74 17 -90 50 
75 -47 -70 -93 99 -58 15 68 -3 -51 -85 -71 63 -46 6 26 -91 -85 -97 92 -58 67 60 -42 -60 30 51 -66 1 18 72 52 61 -93 5 18 -98 72 89 -92 -46 -84 -82 -27 0 9 -56 -15 19 87 -69 -90 -9 5 -29 46 -35 -59 85 -94 -7 11 86 9 -97 -12 -82 91 -87 96 -78 -57 88 4 -84 75 -57 24 -93 26 -62 -67 38 55 -69 -69 -70 80 -44 -76 -37 -20 -33 43 -57 66 65 88 -25 66 
49 85 95 30 -83 89 22 46 32 50 28 9 89 -21 37 -36 86 -94 99 47 83 -53 33 -15 -53 18 75 41 -80 57 48 14 -94 -12 -93 -47 50 -45 -16 25 -56 69 -61 -94 18 28 -75 40 -75 50 46 83 -93 32 -16 -33 51 72 -82 -71 98 -7 -16 -93 -48 35 -49 82 49 79 54 16 17 86 72 -31 -27 -14 -100 77 -2 -62 -48 -49 86 -36 33 -86 -39 -2 62 -88 -61 85 -67 25 26 98 -15 0 
91 -19 -69 -93 85 33 -53 -92 37 0 37 99 -14 18 -56 -46 66 -5 -58 60 68 18 49 -38 -31 66 73 -77 -30 -32 5 -94 72 28 43 86 -37 97 44 -52 74 22 55 63 -3 -65 -47 -100 -76 87 15 -27 100 -31 -61 15 -62 -15 5 -33 1 -1 46 -38 81 93 -54 -29 -92 35 -94 34 66 -17 74 -78 33 -52 -33 -98 44 26 36 -50 90 -85 58 -78 35 44 92 29 43 -66 96 -57 80 59 -35 8 
55 22 -20 -24 18 -54 44 20 76 39 -92 97 19 97 -85 -47 -69 -93 76 -61 99 -56 55 -81 -81 41 -8 40 -97 -40 1 50 -93 -12 -88 94 -56 85 -92 -87 -88 80 -80 20 66 2 19 96 -43 -65 86 3 -98 -62 75 82 -57 15 35 98 -59 36 28 6 50 94 -99 -96 91 86 -64 28 -77 68 -49 -43 16 49 -52 56 68 -27 54 57 67 8 -66 62 43 -71 87 6 -98 -62 12 63 -33 87 79 97 
76 2 -56 50 -29 4 -59 -72 17 53 21 -43 89 55 -52 -65 -100 -36 -79 12 -40 64 98 -6 -18 -85 -1 -73 24 24 59 55 40 70 82 100 -66 12 49 88 -83 21 -5 -87 -64 15 -79 -46 0 94 27 12 -3 19 -62 96 36 62 97 98 76 -16 -28 56 38 -22 -91 37 73 32 -84 -50 -19 9 47 -38 70 -93 14 11 24 56 37 -98 -29 -45 -88 -70 -76 88 76 -35 -22 -9 -71 24 95 -67 46 96 
-46 -21 -83 -3 9 -47 -58 -59 -65 -98 -99 -69 55 87 61 -4 61 27 -61 -39 -3 31 -85 -80 -56 -54 60 -40 -78 72 -46 -70 -18 -82 87 73 -61 -7 1 81 -17 63 0 78 -63 -72 57 -42 65 59 57 42 -72 -1 -50 93 44 -33 8 -19 -96 69 -81 93 -15 0 57 -40 80 95 -98 70 -95 -19 -25 -62 72 72 -30 -97 -15 46 -77 44 33 -44 -90 1 63 65 -27 -66 8 6 -11 -27 20 -7 77 90 
70 46 40 35 18 23 73 -8 -83 25 -15 -79 42 61 -73 67 79 -47 -64 -17 41 64 -66 2 -21 -33 -34 52 -85 1 -5 -40 25 -51 54 -91 -26 -31 71 32 1 56 67 72 -93 96 98 -34 33 -89 76 19 7 -13 -45 -39 72 44 21 82 -90 -88 -73 46 54 39 19 -43 -92 26 75 -85 69 97 -58 89 -72 34 -2 -13 10 60 3 73 -83 -17 -55 -26 -92 -59 14 -98 39 78 -57 -7 -76 -78 -18 -1 
91 19 100 -36 -15 -35 75 50 97 42 94 91 5 -8 70 13 88 -14 48 48 -68 8 88 -32 13 -48 -45 66 97 25 0 54 -17 -34 -55 -69 82 38 34 -67 -32 -39 0 -41 -21 48 -53 98 -6 -92 -39 35 -72 79 -51 -70 -45 44 -49 14 -63 -37 26 28 -50 89 -44 -74 -27 30 -43 -38 6 -50 -48 -37 17 74 -77 47 -25 -40 -1 79 12 97 74 -22 -95 -57 56 -47 -45 -51 46 88 -1 -34 -82 31 
-12 89 -14 -8 -52 54 77 -11 -64 67 -20 -73 53 -96 47 69 91 -98 -91 -20 -18 59 -32 -73 64 77 -63 -10 14 -17 -91 -90 -73 -4 -18 -94 -10 -33 -25 73 -92 -8 -98 -67 16 -79 -88 9 85 92 40 -83 -54 -10 -2 -99 -47 -63 23 -21 -75 -8 -1 -47 97 -17 17 6 35 -79 -31 58 -88 90 22 -30 29 16 -20 22 89 -25 18 -67 99 2 78 -32 -76 -69 -80 27 -11 29 -13 5 53 -31 -74 -30 
-59 84 64 27 3 96 -93 18 79 -6 47 -49 64 72 -37 -53 7 4 -39 -18 -9 -83 -47 90 55 86 -22 19 97 63 15 -83 -6 72 -48 35 -33 -68 -95 98 15 13 88 62 -20 -36 -55 87 84 -40 70 84 -54 97 60 -84 73 -10 -30 82 -17 8 -87 -18 58 -35 55 -87 55 -90 -37 99 -67 79 10 54 26 -76 -81 -99 -19 -91 94 35 -68 -17 -16 -78 56 -36 52 29 -13 98 -3 -32 58 -35 31 -69 
-33 18 63 100 -33 8 -98 94 -32 30 -48 -87 36 -9 -39 3 -82 -57 -27 54 58 -80 4 -7 79 -70 -12 7 24 66 -60 6 73 -99 15 -35 -61 15 -29 -69 70 48 -99 85 12 -15 -54 94 15 34 -29 51 74 2 72 87 -46 22 -30 82 29 -58 15 -67 -57 -59 -29 -77 -5 -62 2 69 -58 76 88 58 37 -59 -76 90 68 73 95 -40 1 -51 -14 59 -54 82 41 20 9 -19 70 -55 20 76 -63 26 
0 33 28 -95 30 47 10 25 -44 -54 -52 -94 -39 -39 2 -8 43 64 53 -24 -5 -38 -59 -29 -42 -92 63 41 -84 66 74 -16 93 -81 86 71 -74 44 30 22 -76 59 10 35 99 70 -68 100 -84 -98 88 26 -48 18 3 66 -42 -56 48 -48 -53 -29 23 43 49 -26 92 -58 -68 -76 25 -79 59 -70 -75 61 -81 -56 2 4 -79 -78 -16 -59 0 67 -16 23 44 -88 65 24 -38 -38 45 54 5 74 -40 -47 
-20 22 -76 48 -48 10 -76 -48 72 -63 63 58 -56 -83 -53 -16 9 47 94 -81 -53 6 44 30 -23 15 19 -61 53 -98 88 -57 67 -45 -94 -50 -13 -32 -74 -3 -25 80 -44 -89 -6 4 33 -38 37 -45 -64 -9 -93 40 24 43 80 69 -71 -69 96 63 -29 100 28 -7 -10 18 -73 34 -63 3 -86 -3 -72 25 -46 24 93 -71 -78 -57 47 54 -82 17 -40 30 -94 -16 -15 67 -10 92 -73 40 60 -71 -83 -12 
84 20 -58 0 13 49 85 26 16 68 -47 -95 -50 -27 33 -62 50 9 -2 10 83 -6 -15 25 -85 -89 -73 94 -38 42 -39 94 7 -29 -86 -71 -83 65 -99 100 -92 45 -93 -46 72 -6 -51 96 94 29 93 61 30 52 84 74 78 90 21 88 -70 39 35 -43 91 -10 -73 -55 -40 -91 75 -86 44 3 88 40 -68 -65 -46 89 69 -48 6 -9 21 -33 7 61 -85 64 92 52 -18 -41 -4 85 -61 29 92 -20 
-97 -42 13 21 -58 -82 -14 52 28 -23 67 -72 -14 -5 34 0 59 -64 15 -37 -70 16 5 -20 -40 6 -84 27 -85 26 -88 -3 29 -15 -23 23 -72 -16 -43 5 82 21 -4 -59 -66 77 -42 59 81 -98 85 58 -3 87 -68 -2 35 -18 -72 -8 25 -5 83 -1 4 -37 90 57 -52 -6 57 34 -11 76 96 62 -55 -56 -59 -70 -5 74 35 76 11 -81 -27 -51 66 -80 -72 -45 79 22 83 31 -9 0 83 -12 
47 -81 -97 74 48 -31 44 -16 33 -69 6 -100 19 -15 -2 15 99 49 12 87 38 86 -75 9 -18 45 10 62 -4 -32 -45 -78 82 50 -78 -5 9 -1 41 84 62 -36 -28 61 53 -57 85 -96 77 -93 23 -30 -33 -20 39 60 97 -16 -34 8 -84 -62 89 51 -79 -65 21 57 96 -49 -77 -78 -91 36 -91 -34 -77 37 -68 46 14 -77 41 -80 89 15 -23 -31 19 -36 14 38 81 99 78 38 -19 27 -15 2 
8 47 -96 -35 -31 69 -60 -14 -4 10 24 4 71 -22 84 93 82 -82 72 13 50 -51 -63 -58 -31 -23 -20 26 32 -83 12 -15 -11 92 -20 -59 31 -44 89 -52 -100 -57 -96 -3 -9 79 -27 17 38 -68 -10 56 -91 27 -100 95 -49 42 -14 11 51 -57 -41 29 92 -68 -31 3 84 -82 -15 -23 -68 3 -21 19 -39 2 46 15 16 71 -95 48 60 37 72 -85 -97 -44 -24 63 -57 -61 -22 -11 -31 32 27 -68 
-24 76 96 96 -90 -61 38 -42 76 74 -90 -54 -6 -17 -47 -61 -57 32 71 23 59 78 58 73 94 -54 -21 26 62 93 -3 27 82 -74 -80 -40 -84 -48 -30 2 -27 34 -27 16 -97 -6 51 -25 -98 84 63 -9 -25 -97 22 44 -95 -20 -17 19 -29 98 47 14 -89 -9 86 49 95 -29 99 24 43 79 -100 -96 -10 -38 72 29 -10 -29 6 47 63 18 -63 7 -6 98 20 -78 -79 48 -51 -27 -72 -84 -80 34 
-83 -67 -9 92 -31 91 -89 64 -91 -74 -48 -54 23 -9 6 91 -2 -73 57 -66 -65 63 -62 38 75 -73 74 -10 -79 -7 -11 81 3 75 -42 76 78 -13 29 52 -56 -98 -59 -48 -83 -53 17 -63 38 53 -52 84 81 -46 76 12 11 -16 59 1 42 -42 -15 -95 29 -83 -90 -66 30 -85 -81 -7 8 81 -63 -40 29 5 -32 47 -8 60 -20 19 37 86 -42 17 -1 51 -5 66 73 -71 34 -30 -58 23 -6 65 
-97 -22 -16 25 -38 -1 50 18 -82 6 -68 73 -73 16 -19 29 -40 -77 71 76 -85 -60 86 81 -50 31 -7 -6 -58 5 -28 11 -35 27 71 -42 40 -24 -74 -5 71 -11 -93 -43 65 -66 35 -47 63 -75 -84 -40 -22 -28 -47 22 -86 61 52 93 -31 -17 63 34 -86 -2 34 -48 -4 46 -88 99 2 48 30 -26 -82 71 -18 1 62 14 33 54 55 94 -89 -48 -90 -78 41 -57 46 -3 -36 -66 11 1 5 -13 
-99 -30 -54 71 -19 66 66 59 15 -25 -37 -9 18 -60 75 83 15 -3 -93 62 71 91 -54 65 -25 1 47 -76 79 35 81 -77 30 -78 62 64 -4 70 -23 -59 59 87 49 84 98 -23 -87 24 75 -4 -34 -73 28 -63 -78 25 -25 -89 51 90 -96 4 -21 50 70 -14 39 23 38 25 87 -15 54 -61 42 -54 76 100 -18 68 14 34 -20 39 -6 62 99 -43 -10 85 -69 21 30 6 -7 -32 3 -85 6 -24 
87 -82 -4 15 21 -81 -76 -95 46 -42 42 -69 90 -49 38 82 19 0 47 82 -75 44 -86 89 28 -8 7 19 -67 -31 16 37 -44 24 -90 19 23 -36 59 96 -66 56 73 -99 -63 1 -14 92 -68 -21 91 -31 52 -81 -95 27 3 -23 29 56 33 71 -99 -71 -75 80 66 -33 -43 28 -44 -16 -46 21 60 -69 -80 29 -57 -11 60 -31 5 -27 37 -66 -52 -10 39 93 81 -39 -51 -78 -40 40 -52 39 100 -19 
-90 -16 -11 19 99 52 -79 -86 67 -36 -83 84 95 26 -12 49 -2 90 41 78 27 -4 -44 -71 23 -56 -9 96 68 -13 23 82 -47 -28 22 1 11 7 -53 51 53 11 18 -69 -32 98 -38 -72 -33 66 -36 18 -87 39 86 -70 4 65 37 79 11 -2 -48 99 -35 -67 44 -27 -13 -15 -69 -17 -75 -5 -97 -50 36 19 35 -29 -12 66 -38 -15 81 22 67 10 9 -1 -88 -4 -81 20 -27 -34 82 -80 66 -41 
54 32 -14 80 -29 27 61 -9 36 -48 86 76 74 -89 -46 -97 -39 -81 23 -71 -83 -59 78 -35 -20 -33 -38 64 91 -63 -47 66 39 -36 -65 -85 -89 50 66 -39 94 -27 -7 33 41 56 -63 5 83 19 -72 12 -49 -83 -40 -3 19 37 64 81 66 87 30 -42 88 -14 -33 98 76 97 3 46 77 20 29 3 3 17 58 -82 12 -9 80 32 -69 -21 71 91 -79 87 2 -58 -81 -89 9 33 -99 -42 -12 -6 
-22 2 76 -71 -2 -58 -54 -85 -67 -51 55 18 -18 15 85 73 66 3 65 49 -98 84 82 -98 -48 -77 -76 91 50 69 24 -14 -26 43 62 85 11 -97 49 79 -70 -87 -82 24 -20 47 67 -24 53 -25 -68 -12 -58 -92 -83 59 84 -49 24 -39 30 -64 74 -1 -89 97 -24 -70 -62 94 100 47 68 86 -19 -77 -79 57 5 -1 -57 -31 -2 54 26 25 -36 -50 34 74 87 -73 61 -42 -68 97 12 -89 -17 17 
12 -85 71 76 73 4 69 36 30 -8 -16 -47 95 77 58 75 16 60 27 69 93 -35 25 -54 -86 28 84 -82 -11 95 32 97 -28 -53 56 0 -48 -88 -51 -20 -39 72 42 49 66 25 90 10 -68 -18 54 -78 21 -26 15 90 -72 -60 -56 -31 100 -25 -46 81 -55 -6 64 -99 77 -63 -23 8 91 2 46 -63 -76 3 -9 -28 52 -68 -95 86 39 -90 54 -95 97 39 -69 -84 9 95 4 -91 -19 96 58 33 
71 -67 -62 3 -61 100 -48 47 11 93 -25 53 -93 -43 -86 67 -32 33 -87 -35 -5 -12 -27 47 72 -99 67 -17 -75 86 14 87 58 -23 -78 94 34 58 80 -73 67 -77 -2 -82 38 -38 -6 -58 -83 35 8 -27 -19 -52 -20 83 4 31 67 -6 94 -96 52 -40 -73 96 18 -98 97 9 53 61 48 70 -7 62 5 -92 38 11 -18 -32 -34 -1 40 -70 -54 -76 7 -98 39 -31 -34 -30 68 -72 -27 -32 -54 31 
100 7 87 -40 -9 12 -60 -15 36 -51 -50 -11 27 8 5 -43 86 63 45 -25 -2 -7 99 -64 -44 -66 2 0 -58 -60 31 89 5 -4 87 81 76 -38 9 93 -5 -84 -76 73 -96 71 -79 -8 -90 18 99 52 45 2 85 71 89 -26 32 -5 -71 -60 -29 46 93 -4 100 -27 45 67 -70 -4 99 -63 11 -72 99 83 -25 64 -43 69 -9 -94 -75 94 -10 -1 -9 -50 38 72 -35 -43 -24 -78 69 22 61 -50 
64 -46 -10 -89 10 -65 39 45 37 -19 62 81 18 32 92 61 -38 27 36 71 88 -8 -18 -26 11 -41 56 -28 90 -68 4 -12 -38 -39 -41 -100 82 37 95 21 -68 98 42 -43 42 69 13 -78 100 52 -64 75 30 -89 -79 14 -93 -86 28 19 -27 -84 -78 -34 73 9 80 -17 64 -79 -5 -8 4 76 -15 59 -40 68 -41 47 46 -54 90 -12 -8 44 -41 3 -22 65 3 -11 -77 5 75 -55 -54 82 61 71 
99 -26 -9 -34 66 -85 100 -15 84 -34 -88 -76 -60 4 -15 51 -61 -32 -37 -17 0 -15 -3 20 -87 -3 76 -65 -27 -62 30 3 -9 -70 20 -96 -84 94 -20 -72 7 -88 -94 38 -69 78 75 -84 44 63 -26 -19 51 -4 -75 62 96 59 -7 -36 -85 -33 87 87 -5 53 -84 -86 -15 -92 86 -8 -86 -9 -86 15 97 -77 -48 -68 29 34 67 -5 19 -23 33 58 63 75 1 0 14 -14 -29 -35 34 97 23 -92 
39 10 35 -48 -68 3 -7 -22 -59 -73 7 31 17 68 -16 62 78 -54 20 4 -65 -32 -92 43 26 9 -96 -17 -17 74 44 37 47 74 97 -55 64 -42 51 -70 68 17 -69 -32 7 71 18 73 -52 -59 96 28 9 -44 20 67 39 5 -98 96 63 8 -66 10 -46 53 -82 -7 68 77 13 13 -94 94 -56 95 -72 -68 -23 23 14 -3 26 41 -39 5 83 50 -11 86 92 82 -5 -60 -11 5 55 44 -81 -27 
6 -19 10 -3 47 -4 67 -33 28 -54 -40 63 1 11 2 -78 -39 89 -34 34 -14 60 50 -83 -63 -78 17 -91 -20 -6 -69 -52 -84 -20 -34 -6 28 12 -94 69 -86 -90 5 -2 89 40 37 -67 12 -52 9 -24 37 54 32 -15 31 0 86 -41 35 30 -88 -36 96 -30 59 -97 -49 13 89 -18 -15 21 -43 -43 -19 20 -68 -1 -84 16 -97 11 15 12 67 53 -43 -48 -53 -6 -86 -17 86 84 -66 43 46 25 
-22 6 -68 66 -34 -75 -94 78 70 -59 74 35 -44 -70 -21 -96 -30 -31 -28 -19 -78 -61 -19 31 31 89 40 -48 -72 -71 -81 -15 87 34 -21 -83 88 52 70 92 -9 -68 42 -23 11 -91 48 79 66 45 -48 -96 89 39 86 -92 -52 2 -32 28 -85 -15 23 32 77 -85 -22 0 84 4 61 65 78 27 4 -29 32 -77 54 -6 -67 -75 -14 -32 -1 -17 88 44 95 36 71 -31 -98 40 65 71 89 -89 -25 -5 
-12 35 -14 -28 -68 -53 10 -44 -85 97 -87 -92 49 61 -25 -66 -24 83 56 9 90 -28 -18 12 -11 41 -16 61 -33 75 43 -38 92 57 -53 53 -97 -51 -95 80 33 -11 43 -72 -47 17 -18 94 0 -40 93 45 61 -21 -42 -92 -74 65 93 -43 47 -62 95 -66 -60 -8 69 -20 -9 21 -28 5 21 40 38 -90 93 -90 60 50 -73 -49 9 94 70 89 -25 -48 84 -92 63 -36 -56 -54 -67 19 -40 67 4 -55 
21 -42 -54 -84 -61 -77 89 -57 -88 21 -45 -5 -10 20 50 -71 73 -36 75 52 -46 72 -31 -7 49 -42 -70 29 68 87 -83 -96 -33 92 -81 49 56 -74 -19 23 -97 43 -66 67 24 78 -81 33 -58 39 -91 -38 59 73 43 -73 22 99 -93 32 58 -46 -84 -18 44 -56 12 45 -32 62 -100 39 95 5 -26 -7 -20 -5 -9 -55 -100 27 -67 94 -69 -14 20 -84 -43 21 -49 -95 53 17 -86 9 -52 59 -85 72 
32 40 -96 -73 70 36 5 -4 -25 69 -95 -22 86 -83 81 -27 3 -68 -1 -52 85 11 -31 -24 3 -68 -36 87 -62 31 -98 -42 -97 -73 -11 -96 -67 -74 -73 90 80 51 35 -20 -3 -78 35 -47 61 -12 78 53 -71 84 -53 57 -58 94 -67 -42 -64 -55 53 78 87 -90 46 -61 53 42 -100 83 48 -4 56 -33 -18 -42 -66 11 -72 -34 31 68 -42 23 60 -73 59 -27 -52 92 15 51 -19 55 -81 95 66 -76 
-36 -36 -74 -14 39 -94 -94 64 -61 -59 4 66 -56 58 -82 16 -73 99 -23 -20 39 43 59 -98 -89 -35 -71 -59 -63 48 70 -64 48 -37 91 18 -65 -36 0 -80 -51 -72 54 100 72 -99 -47 7 -29 -54 64 -59 -22 -68 80 -19 29 6 -92 -7 -93 -5 69 -99 62 5 -94 -50 -35 -29 17 42 -44 76 74 83 -52 -100 -7 -1 -19 -92 25 -13 1 11 23 -59 -60 -67 23 -69 70 1 44 82 -65 -44 -48 62 
3 -64 -48 -21 92 -72 -22 -64 31 54 -50 -25 -81 -44 -44 97 23 -55 53 58 100 -69 60 49 33 -36 -70 36 -41 42 46 87 -7 87 55 -33 -47 73 -61 -46 90 33 -7 18 -66 -22 89 30 -23 61 -89 -79 37 -94 -30 37 -26 53 -61 20 -64 72 -53 -6 -85 -78 -74 -36 -10 15 -30 -1 71 -3 29 70 -63 -1 35 81 72 -67 -34 100 -33 -5 62 -34 -8 43 48 26 -23 99 24 74 48 -19 5 -64 
65 -20 57 21 19 20 -61 31 -7 -77 92 -18 -55 -12 -13 -45 53 -85 -13 97 -79 38 83 -55 55 -78 9 87 20 83 97 -95 -85 -65 -41 85 74 -87 -64 -64 38 -34 51 43 -33 -38 96 -48 5 33 -10 30 -72 -75 2 -63 10 -54 -34 71 -17 -27 64 -74 13 -80 28 -21 0 -87 36 -60 80 -51 -100 -23 -70 -51 5 100 -15 77 -19 10 -73 17 74 47 77 -13 -4 93 55 51 74 95 92 -10 -65 -6 
-42 100 -14 -73 89 84 10 -68 -54 -89 -24 39 100 65 51 54 -20 11 24 46 -27 79 -11 15 53 5 -97 -36 67 67 -38 -34 1 8 30 35 -67 81 -81 -89 -57 17 7 65 98 99 -40 -22 -28 37 -27 -4 1 74 -64 8 -44 85 47 70 -35 -94 89 20 -5 -92 -6 -7 -31 -72 -55 -100 -14 -88 18 -74 21 27 -51 -63 -73 14 67 -36 80 -11 -34 -14 39 56 9 17 52 -93 53 57 -91 62 54 -7 
-86 80 -82 -7 -59 -64 -1 92 22 -83 -12 -37 -39 50 -58 -8 54 -85 55 -13 58 -68 84 -85 -48 80 -64 73 -50 -64 91 55 -17 54 82 -40 -91 46 -12 74 -46 60 46 -42 -80 62 -68 59 -33 57 -50 -64 4 -44 -90 -29 -19 -48 -44 -83 -100 94 27 89 -50 -5 78 70 -100 -51 -97 85 80 -58 -48 43 -78 -38 45 54 -95 -13 -50 12 40 -75 -26 46 27 70 42 34 -50 84 32 -69 -21 71 85 -36 
-12 49 -95 -45 15 49 80 32 -41 2 -76 29 -4 21 49 45 -10 -99 -14 89 -97 -99 29 67 -83 -46 79 44 96 65 -24 27 9 -34 -46 -2 -82 13 19 3 -87 -89 -61 53 -41 6 -28 80 -10 -63 86 20 -9 -68 -37 93 33 -55 -38 53 -37 95 -32 -84 70 -89 77 -91 69 -81 -59 -32 85 31 48 -88 19 69 -80 -26 -32 -58 -66 -90 72 6 -68 65 -59 -37 -65 77 -22 -9 40 97 5 -77 29 56 
85 49 75 62 92 -31 -41 44 -99 72 20 18 -93 6 28 1 -59 -100 -24 -32 -28 -8 -91 12 -85 -84 57 -96 16 -35 69 -16 -81 -17 -57 80 5 -97 57 -23 60 -63 32 34 68 63 48 86 -80 -90 28 12 99 -9 -46 99 -44 -63 97 -36 -22 37 69 19 -80 9 49 1 -39 80 90 -53 51 -17 44 54 -89 92 60 -49 27 11 -55 -97 99 -4 3 60 -51 16 -53 24 -32 -7 -72 43 -10 -82 98 1 
-96 3 -46 30 97 -82 96 -61 -24 6 -56 -32 -57 94 -75 29 -8 -24 98 -67 -3 -77 52 -36 -50 29 35 56 13 -82 -60 7 -92 -42 -81 -47 60 69 1 -11 92 70 -54 71 31 -36 -22 -46 21 25 65 -89 76 -18 78 28 -73 50 96 44 9 -44 -63 39 -97 22 49 35 76 -47 -51 -42 -95 9 -11 85 67 -75 -83 42 -35 44 87 11 72 23 31 25 91 -13 34 -90 -94 77 46 25 96 -18 -22 -6 
54 64 21 -54 93 81 78 -23 -59 -53 -81 50 97 -58 -28 63 -55 80 34 85 -74 -100 -81 68 60 -55 85 -70 -46 -5 -60 -50 80 27 39 -77 82 -12 -34 99 72 -60 -15 -91 -66 -91 -100 -35 48 22 -25 52 -1 -84 8 -87 -33 -13 95 -45 -73 19 -86 15 14 -43 -71 -66 4 -55 -80 44 100 -87 -61 -64 45 90 36 56 36 -45 79 -32 -43 81 52 24 -6 17 31 -86 82 97 -26 -83 -51 32 -45 -89 
25 -97 34 -84 -48 39 16 100 -24 80 88 61 -23 54 92 -65 -9 28 -67 -31 31 -27 21 86 23 -95 3 -48 10 18 72 -61 80 -27 -28 -83 80 17 50 22 -90 -94 -2 -68 -25 -37 -35 -74 26 29 -86 -38 8 -43 53 -34 -3 -75 -56 -84 40 -43 -65 7 17 -61 16 80 95 88 -43 -6 -19 -63 61 24 27 -69 89 19 73 -47 -75 -86 55 -27 8 -93 13 -87 58 -76 15 -32 8 -52 -69 -13 100 -11 
100 7 -11 67 13 90 6 57 -91 51 -53 39 83 20 99 54 57 83 -16 -60 15 21 79 29 90 -36 -27 -54 64 57 52 -14 5 63 25 16 -85 76 -20 -51 64 -74 64 -16 78 -72 -31 97 -75 80 91 2 70 39 -34 97 -18 54 -91 26 96 79 -93 -11 -73 19 -50 67 80 -38 -71 -65 77 61 27 26 -82 61 3 99 38 2 93 -9 -40 -14 -61 -91 -63 81 59 28 -39 88 -39 11 56 4 -46 84 
64 -12 21 -79 -84 -78 -52 76 -91 -47 -69 -25 35 -74 73 88 -7 33 82 -8 99 -97 -73 -16 55 -84 -95 -27 -2 -12 83 32 -6 -88 -14 67 -23 88 98 -3 79 5 76 -60 -51 72 0 25 36 18 -12 0 100 20 -98 -20 62 -24 -70 100 -81 97 -25 74 -18 -45 -49 36 94 -14 -52 40 -69 55 -68 16 37 -22 -67 59 64 43 -11 -80 -6 -36 54 25 58 -40 -50 20 -60 87 45 53 68 -68 -50 -30 
72 -77 -36 -66 91 83 81 66 60 -24 -21 14 56 70 66 -56 -11 -75 20 -79 14 -88 -53 8 64 -7 68 -42 87 -18 -56 -41 75 -20 81 33 98 -18 -97 -71 -28 -29 44 7 -97 -86 86 -35 -84 11 -53 77 -38 89 -37 -92 19 -65 -87 -33 0 -32 -91 -79 -11 -99 -87 48 -68 -58 50 -52 -78 -69 -57 -73 6 -21 -66 33 -8 79 -35 97 92 -1 -73 -16 79 55 8 89 78 54 -12 5 64 84 55 62 
-1 98 23 -79 -8 -71 82 -9 -72 -59 -81 -59 55 51 -39 -63 -50 -6 54 -58 -18 -33 -98 -6 -6 27 59 -6 -84 77 80 45 66 50 -70 47 93 -49 -84 88 48 23 -27 82 13 -3 -38 46 -63 -21 100 -47 -34 23 53 -22 93 93 -81 6 -42 27 73 -68 25 -36 49 -93 80 -53 -11 40 -7 4 69 -36 -99 86 25 -13 18 35 43 1 12 -61 -42 48 -39 -91 -78 58 -12 -40 66 18 47 93 -54 21 
91 -22 -3 4 -79 61 -79 -100 -69 -47 -75 -31 57 15 -81 -78 -6 -51 -81 15 28 77 -10 -82 82 42 39 82 18 83 11 16 86 -56 -82 -27 48 77 -40 15 -64 -51 -65 -78 -64 -31 -43 34 -39 -47 75 -75 -41 -38 -62 42 95 -71 -64 54 -52 -84 50 -66 100 10 -23 13 8 -43 83 -59 -55 -57 86 -60 79 83 -99 37 -74 -99 -39 41 100 94 -94 62 91 -6 -67 -42 -27 -35 8 32 -50 60 87 -60 
-75 -6 -75 56 53 52 -24 -59 -9 -82 -98 79 10 84 65 -53 57 -96 55 -61 -60 -34 76 77 4 -64 16 -17 33 14 70 26 -78 92 -69 -32 63 53 -97 -57 77 -24 -100 36 92 -64 -100 -45 -14 -64 24 -1 -41 -30 56 -8 51 -19 -35 49 72 83 -24 -83 24 64 -89 -85 -15 88 -30 90 -16 -71 65 -14 78 -15 60 -90 -57 -52 86 25 -53 55 -12 -65 78 -66 -29 43 60 -89 -72 -89 -68 -19 -49 -32 
-86 21 90 58 -30 -68 -22 -80 -93 88 -8 65 73 17 26 -34 87 -95 -28 73 -42 60 -13 51 37 40 -69 71 3 16 23 -77 58 -99 -3 -24 95 1 78 15 -6 -84 -87 91 -62 -12 95 93 -53 -40 68 -4 -85 69 49 21 -66 -75 54 39 -23 53 -66 -80 -84 32 -17 87 10 -30 -99 -98 95 -8 -94 -19 57 43 -44 47 -96 44 -47 26 53 49 98 25 47 -90 -79 0 -89 -96 15 11 77 27 88 -90 
4 -36 -68 54 -97 -51 52 18 -12 -41 -33 68 38 -61 -26 37 -50 -22 96 -52 -60 87 50 -47 -91 -49 -10 84 -45 100 -33 2 -5 87 26 -44 -17 -20 -37 -16 64 -5 -89 16 -62 -21 -53 -92 -20 -86 23 -83 -41 18 -55 76 -85 -39 -3 -72 3 -18 25 -56 2 -68 -36 -84 -61 -89 -21 -46 92 23 48 82 -65 23 -65 29 -28 64 75 9 13 50 -84 82 36 -83 -74 -1 71 -94 -32 -51 43 12 -7 -35 
22 16 49 17 39 -27 40 -75 1 7 96 74 94 73 45 -100 -63 35 -18 -76 -8 -84 -34 -58 97 49 -80 -99 11 0 62 31 -64 4 -18 69 85 58 -5 40 53 23 -45 -48 -52 47 -36 34 -91 -64 -90 2 58 -32 71 71 -14 -63 -82 93 -58 -16 -16 61 -6 12 -15 35 -77 8 85 7 -20 -12 -24 27 -57 5 5 -75 92 12 34 59 -99 87 6 -87 -85 -55 -87 -56 32 -66 82 29 -7 88 32 90 
-80 -47 89 -69 -99 51 -51 -60 46 45 -100 22 -74 -46 20 -37 75 -50 -21 99 -58 75 -90 78 -66 -15 -18 -63 51 -29 -7 -11 92 -56 2 -4 -10 -23 -38 -69 43 47 -92 2 90 -23 -35 70 24 45 76 72 -4 11 -84 30 10 100 27 -1 -88 62 -84 82 -57 -77 23 37 50 95 13 -44 -28 -86 -78 40 5 83 32 86 -50 -24 -55 31 -15 -87 -39 90 -65 34 -90 -82 -67 64 -26 96 -12 59 -48 -23 
-82 -16 16 -74 -95 84 -51 -6 21 -63 -94 -9 95 -63 83 48 34 -45 -46 -22 -60 -67 -4 -23 -16 -100 88 -82 -40 -21 21 32 6 -83 -81 27 32 4 -82 -15 45 -48 -19 39 66 80 52 -54 92 -18 37 67 20 12 -46 47 -64 -92 -86 -25 32 51 -43 91 -17 86 -40 -68 25 5 -55 46 18 13 -10 -34 100 -50 -93 79 48 32 -59 -67 -21 -22 56 -13 19 100 70 25 82 17 -73 27 55 -15 27 23 
39 21 87 -92 -44 -64 19 -16 -72 87 -61 -80 69 56 89 5 12 11 26 -98 -24 66 -80 -60 74 -98 74 -52 52 -59 -29 -50 72 82 -5 -57 7 -3 100 -84 88 85 -68 -51 -81 -9 39 -71 -46 37 80 87 30 -14 -95 -79 -12 26 -79 75 -49 -64 -26 -74 -56 21 -6 43 37 72 -25 45 -27 76 -91 -56 64 -75 87 91 40 -93 69 -19 86 11 10 -30 19 29 -97 -57 84 -95 88 36 -2 27 64 -39 
7 -26 -34 -89 95 -72 -26 -48 -69 -49 6 54 47 -5 -47 72 8 -100 -57 25 -44 58 -22 -45 68 29 91 20 -89 -29 -41 44 86 -70 5 -2 1 -49 63 48 3 -44 76 99 46 -58 20 42 15 99 28 -94 -28 49 85 39 -67 77 -99 70 46 -84 -2 -19 -91 -36 -28 -76 54 65 51 12 86 -1 83 92 -63 -83 74 94 6 67 -19 93 60 11 30 84 78 0 -32 -49 44 -83 -24 -32 42 -92 -47 -97 
63 -46 -27 96 -1 -40 81 14 -47 -58 -39 46 22 -22 -38 -56 63 36 -4 -82 -58 -95 83 99 12 18 -82 -1 6 3 -9 -91 5 -5 43 -22 -56 13 57 92 -16 -8 -12 63 -96 90 -38 -78 -19 -17 88 61 49 40 -38 -9 -45 -98 -34 62 8 65 90 99 52 40 -98 -87 -79 -44 -5 -33 -78 79 -11 -28 -21 -71 89 97 46 36 -78 -11 -16 45 32 100 -60 -5 24 24 95 5 71 -33 -59 70 -100 24 
-11 -2 12 -65 97 31 24 -39 8 5 -50 6 91 77 32 -2 14 -42 -36 39 0 41 -60 18 18 -39 23 -80 4 32 -95 16 0 72 -45 -80 22 -44 11 31 -38 -84 85 28 -28 -21 -74 -34 -7 -19 -53 -88 -54 -21 -20 -31 35 -37 -92 89 1 53 19 24 -4 48 31 -81 4 3 0 -1 4 -91 5 100 -93 -29 -69 -31 -80 74 51 -88 29 65 -44 -9 49 78 -59 32 97 -95 56 35 -3 26 26 -13 
27 70 3 -38 89 65 43 -24 -59 11 -61 -78 74 -72 58 64 -64 -96 13 -49 97 -55 -76 -4 -37 54 71 -56 58 63 -3 -6 34 29 0 46 17 94 -98 -27 96 -28 -6 70 -59 32 -69 -42 29 41 96 63 -34 -34 91 72 87 68 -91 23 66 -49 57 3 -25 -49 -45 52 -2 -67 -92 46 93 -31 61 -17 -90 -57 39 98 77 98 -38 -79 -26 -82 -70 -85 -75 -57 63 -23 -14 78 100 62 -81 75 96 -79 
68 46 -82 32 13 -66 76 56 -8 -33 -79 -53 75 6 42 66 7 -92 70 -18 63 84 -14 86 73 -40 -24 85 -56 -32 52 95 70 -45 -3 -3 -92 -12 18 -13 -49 -62 -2 -78 35 -79 58 -95 -94 -62 -57 51 36 -73 68 -82 -27 -11 -73 3 99 9 -97 -9 -72 22 99 69 -73 67 -41 82 96 36 -99 7 28 -26 -38 92 -52 -37 -10 -42 57 28 7 -100 92 -68 26 55 -37 96 52 -19 -89 -78 -42 15 
