-32 -52 -10 98 -5 -54 6 -99 40 97 4 20 33 -25 27 91 63 -49 48 -2 -80 30 90 85 -43 48 -33 16 43 88 18 7 -78 79 79 -31 -59 -37 71 19 -78 49 -34 -49 -15 39 42 -11 -70 -47 99 48 6 19 28 -90 -72 11 -65 -24 35 36 17 56 -22 5 58 -98 28 -20 73 -83 42 -56 -19 -75 -20 -43 -64 -78 -96 81 -41 -75 98 -39 -56 -77 75 -52 
87 -38 -69 -66 -19 -57 65 2 97 42 -69 -25 -49 90 41 54 -17 40 -5 44 -85 80 -47 -55 -63 -85 -39 -31 -84 40 -16 -26 -75 83 1 95 -90 -78 55 87 -46 79 -51 -17 2 4 -72 -27 -30 82 49 -65 47 90 62 83 -26 -95 15 -44 -50 -90 -24 44 -4 -14 -39 -100 -70 -15 -79 -48 -39 17 -28 -84 -98 -70 82 -80 -80 -42 -45 46 -22 17 -31 77 -79 49 
62 96 -60 -44 80 -75 -10 98 -69 -97 -37 -66 65 55 -15 55 -96 -72 -77 -89 6 -31 33 71 74 -23 -24 27 79 77 -95 -55 74 -1 94 11 19 -70 40 82 72 66 11 35 38 -77 97 -52 -16 -33 17 -81 92 -56 27 25 70 -24 73 57 -39 32 -30 -91 3 -75 -82 90 -13 9 -15 -10 54 -42 95 -87 76 62 -56 40 71 35 3 2 21 -66 79 -16 -64 -18 
-61 -12 -87 23 -25 47 -39 -94 31 18 93 38 -91 -24 -59 44 0 5 27 73 32 -44 43 14 49 35 27 -23 36 -82 30 98 63 -47 -16 32 -57 -63 -39 -52 47 53 95 33 88 51 -64 -48 3 56 5 -61 -99 -14 33 -44 -50 66 -8 94 -8 85 81 90 -46 -65 -62 65 45 2 71 30 10 35 36 25 4 59 1 9 85 -14 57 -29 -87 77 -42 -96 73 -47 
-30 84 89 -67 49 -32 -96 14 63 88 43 2 -98 -26 70 -5 6 -85 17 24 11 -11 -24 -30 -19 -1 50 72 63 57 -43 -6 -75 4 2 63 -43 86 -58 -37 59 -47 80 3 13 -17 24 -25 1 -67 91 78 -57 33 14 -4 41 93 -33 65 -20 35 -48 16 -3 -90 -82 53 -40 -46 82 -90 -82 -3 22 0 -2 -5 82 -8 56 -23 -85 56 -45 73 -11 31 14 -16 
19 30 21 -26 -4 26 67 -95 -74 87 32 -21 -47 60 -52 -89 93 -91 -49 -26 73 75 -17 -82 19 31 -63 -46 -23 64 -63 -32 -17 63 -52 34 42 20 2 92 24 40 83 1 -8 52 12 79 -76 62 17 -3 96 -67 -46 -16 -85 13 -24 -83 -43 59 69 47 30 -87 47 -89 11 36 -16 -58 80 22 7 -99 -100 -2 -19 70 -76 73 24 -88 -55 58 -6 44 62 -56 
-47 86 -31 -31 -78 -53 -62 -50 -61 -46 49 -21 -92 -67 2 -24 -48 41 6 -95 -26 15 -100 10 53 -83 13 -63 53 46 -100 64 34 -33 16 -97 -26 45 -63 99 -77 62 53 59 83 66 -59 28 -29 69 -79 -38 -13 -80 12 -62 61 44 60 7 -58 -37 55 -22 56 -78 9 -18 58 -67 -51 53 -25 -10 -12 5 -10 -30 -94 -90 15 -76 92 74 -80 -81 87 73 -20 -14 
-83 23 -56 5 -40 -59 -1 -88 -68 -16 83 -71 60 -40 -76 -40 -46 -6 42 69 76 -67 57 63 6 -55 -19 37 -49 80 -68 81 92 11 26 -78 66 -51 83 -18 9 -99 82 -20 58 -3 -32 42 -55 40 2 57 -66 -13 77 74 34 -49 87 14 -58 60 -81 -6 -20 67 77 27 54 -40 -95 -100 -19 -36 -10 -51 41 -92 91 -35 -80 37 -90 -61 10 -60 88 -30 64 -45 
-19 40 -96 -56 -94 -33 39 90 -17 21 -52 24 68 23 -94 -36 55 82 100 -3 1 -57 -29 -39 90 92 6 42 -45 47 -40 82 93 -23 72 -75 50 -68 47 -44 -87 64 -15 97 -68 48 -56 100 92 -92 -64 -96 19 -42 33 32 85 -81 89 72 -62 83 -72 98 -47 -54 56 2 -1 48 -47 30 43 11 -89 65 -81 -30 64 58 -89 71 -13 -7 75 53 -71 12 99 29 
87 -89 -64 66 88 0 -40 -79 81 19 9 9 48 41 26 97 -63 -40 -38 -31 -19 -89 67 14 30 -65 90 98 -66 -91 73 -96 77 -16 91 98 -61 -31 57 -81 -53 -15 8 56 91 -79 77 -4 -70 -42 -55 -51 -3 -79 77 58 83 50 -36 27 68 83 -49 98 -69 -48 54 -63 74 46 89 -43 -57 -70 77 -31 -89 -23 -80 -47 39 34 -24 28 72 -84 45 98 -4 -68 
-62 -20 84 -85 3 97 64 31 -69 20 97 -97 60 8 -29 93 -88 45 -10 55 -35 88 -72 25 -87 -50 -24 14 -61 95 0 7 -57 7 -94 -30 91 93 -19 56 78 -91 16 -65 35 13 -43 -11 90 -73 -23 9 31 17 -83 -76 80 -14 -58 -87 36 83 -33 -97 12 -76 -32 80 -60 62 -91 -89 -38 -9 47 -83 -65 4 59 -87 97 73 -23 99 36 -33 -8 75 68 -27 
51 -39 36 96 75 -37 -79 15 -92 59 -58 30 -6 -7 -18 -39 78 -100 56 3 -41 100 -95 -33 -6 99 -91 -72 -39 -76 77 -50 53 -73 47 -98 55 66 27 -97 17 -7 -40 81 -39 35 -42 -64 -32 -67 98 -81 86 45 46 -84 -31 -29 -22 93 11 -97 85 -98 16 -32 38 -33 -39 -37 99 4 -42 -15 47 74 48 -57 67 22 29 46 30 3 -9 83 -54 -57 -9 49 
-42 -71 14 63 31 -22 13 12 -64 94 -90 -74 76 4 84 -67 -14 -54 -13 -51 3 15 -9 32 83 84 -60 -54 93 -93 -67 76 -49 -60 -3 -63 32 -23 51 55 -10 -77 -51 -9 -24 56 -38 -23 -74 9 27 21 -12 -39 -95 -96 76 19 -8 25 -39 4 18 -3 -23 -49 -74 -45 80 49 -16 32 -85 -56 92 -35 -88 43 -62 -3 -80 11 84 -86 0 -98 44 16 -74 -1 
87 -68 74 60 -32 68 -81 81 -93 24 17 -28 17 56 23 16 86 75 -96 -65 59 83 13 -12 87 -55 -58 -48 -100 45 -85 -65 -38 6 -25 79 51 14 -41 48 -71 44 -42 -90 -91 77 -81 42 79 93 -16 73 -54 95 32 95 68 22 2 -11 -18 96 27 -18 33 0 -95 45 94 -26 -3 -81 -92 -22 5 51 -14 -83 -76 -6 -96 32 89 89 59 60 59 -95 87 1 
-73 7 -8 -84 -32 -70 78 -35 -50 78 38 57 53 -85 -20 -7 -74 -50 8 -27 -68 -88 -90 -7 57 -67 -35 -3 -53 -58 -75 -90 -74 -16 58 14 58 -40 85 11 -17 -88 -76 19 -2 9 -22 -18 -69 -43 -22 56 27 -49 -35 -53 -3 -2 26 49 8 31 75 63 -35 99 -25 -75 -33 36 23 -78 -64 78 -67 90 -95 -33 5 -37 -68 -98 64 -46 -9 -58 -4 -99 -68 -69 
29 20 58 35 -87 -13 -62 32 81 94 -59 -94 -78 -86 -76 -40 -67 80 97 13 -98 -86 -22 31 80 28 -42 -40 13 -53 83 100 42 -72 -29 32 -85 -86 24 -53 16 -54 -12 5 -93 -4 -23 -13 56 -11 -20 -30 64 17 -65 91 -43 45 83 1 -99 52 76 -100 -12 -29 52 99 -99 25 -66 100 4 83 26 5 12 64 47 9 -40 -49 -17 -46 60 -40 85 76 -9 43 
57 38 96 -53 63 27 12 83 -75 -2 54 39 -39 -2 -82 51 0 24 93 -81 55 35 97 -52 -16 -52 -74 54 30 11 -84 -61 -81 52 -10 -55 -43 52 -23 23 66 -96 -66 96 4 -67 -7 30 -12 79 -88 -25 86 19 12 5 15 -90 17 10 -60 95 40 13 -21 -28 -75 -4 -29 -39 85 -45 -40 11 26 -11 -38 67 7 -39 -95 52 -65 82 -68 -45 39 87 -79 -95 
82 86 -60 30 -82 90 -3 95 89 62 -43 -54 29 -10 13 -90 39 -75 93 92 0 29 4 82 2 -41 -23 71 -18 0 -43 -28 99 12 -23 94 33 98 7 -24 24 10 25 -95 -58 81 54 62 70 86 -91 -25 70 -63 19 -37 9 -46 23 -78 -56 98 73 59 8 -85 -24 -6 57 84 23 -10 20 -5 -26 83 -41 35 17 -22 23 32 -33 -85 -100 45 78 -37 -65 -10 
-61 -97 -39 89 -8 36 -30 2 49 -22 -53 -98 51 15 49 75 82 -36 92 -37 -78 78 -83 99 -84 -64 99 52 -43 -42 6 63 62 90 -62 67 -38 -57 69 74 89 -73 5 57 100 40 45 95 -19 32 42 74 -16 -69 93 -64 -51 34 33 13 -44 -17 -33 94 38 40 -96 25 34 -79 17 40 -61 37 -91 -2 -32 -3 -52 -83 -74 58 4 -46 -10 81 -36 -83 86 42 
7 78 -55 27 -97 64 -9 -16 -56 13 80 5 93 21 -39 87 6 5 57 67 9 61 89 -11 13 44 61 -64 42 -42 11 -2 -89 68 94 92 -35 24 15 76 -42 -100 54 7 75 -51 -69 17 62 -60 -71 -32 89 -55 15 74 -65 86 -2 -20 95 -64 -9 -53 -84 25 -69 20 -88 26 75 54 62 -77 16 34 -79 90 -9 70 -13 96 72 -21 65 77 42 14 89 -14 
64 9 79 7 -91 9 19 -1 26 20 -68 -13 8 2 3 -68 2 -94 -100 -20 -1 7 -90 -48 71 -18 -77 -100 8 -77 -74 30 -64 -66 -27 94 94 56 -76 -5 -96 -76 -25 -14 -58 -57 -13 52 -88 -67 7 -42 24 95 88 21 -50 -23 -96 92 -85 13 -33 45 45 84 50 12 21 40 -97 66 -43 -26 -2 -23 41 -33 14 -33 35 -6 86 -16 32 28 74 12 77 78 
63 4 -37 -18 -61 68 26 -99 3 6 50 -38 -2 -68 95 -60 97 -28 39 94 79 -98 62 85 19 -52 -15 -71 -80 22 -69 86 7 -84 74 46 96 -18 9 -70 48 57 1 58 -44 -10 -25 -14 84 63 -69 38 -24 -57 -43 -45 80 -99 -2 -32 57 86 -36 -83 -70 54 -82 -33 -51 -33 -81 -10 61 -15 -80 -52 19 87 -61 34 74 0 24 41 40 16 10 36 97 79 
-23 -45 34 73 61 42 -91 49 56 32 93 -89 45 -66 -22 -81 34 -93 30 94 44 93 -40 60 26 -71 -94 54 -26 -6 43 -83 87 -40 -95 16 83 -72 74 83 34 30 -16 -85 30 -87 -1 82 -95 -29 -64 89 -49 -85 -57 -71 11 82 -90 55 80 53 85 -40 -83 34 45 3 -94 35 -20 65 82 -40 -8 -91 -19 50 -77 -79 -79 0 89 -26 -22 -42 52 -5 97 -87 
99 59 62 -53 25 -76 -72 -11 -70 -55 -39 -25 60 -67 66 -51 63 33 -21 47 -31 -2 -88 -71 -29 -81 -45 21 82 52 83 -70 -18 -62 36 -97 85 93 18 -9 -2 6 40 20 -32 71 88 -89 25 78 -2 -57 58 -50 5 -82 58 -17 8 81 -2 9 -63 -12 -75 95 -13 -3 -43 81 92 42 -100 -49 -72 -27 -67 64 -27 -44 16 -14 88 -24 -91 36 -65 48 -37 -3 
95 78 -99 -28 -14 -75 -80 -78 -61 40 -88 1 -33 -45 87 -82 -26 -47 -69 17 -64 -91 58 -14 82 3 -77 35 17 34 88 70 73 21 91 32 -34 -70 -90 -13 -6 28 62 87 47 -10 70 28 39 -53 84 -51 -44 75 77 65 20 71 34 -15 23 -36 38 -94 93 -78 51 -52 -20 5 -69 18 -91 38 95 -83 -98 63 -61 76 69 -72 60 49 -87 -81 -91 -27 -77 25 
-12 70 -52 63 14 -55 53 -56 -91 40 -76 10 -13 -21 40 -3 66 -31 13 -9 -77 2 69 -68 -47 64 -85 -60 -36 30 23 81 -52 -60 81 -87 -5 84 -50 7 76 25 -18 -100 -62 -54 -53 72 62 87 2 -32 -87 27 -56 28 16 -59 67 -7 -82 -37 67 57 -41 1 -8 53 -14 56 -38 -5 92 60 -59 -74 22 -71 67 48 6 -61 -33 -73 85 57 33 5 -26 -2 
11 59 95 -39 35 54 -37 12 -59 -82 29 -15 -29 -81 -58 -91 -96 -42 17 66 71 -25 66 3 -85 -100 -65 100 -3 84 -31 54 61 89 -28 94 -80 58 -68 73 -27 -93 99 -100 -86 87 93 44 -64 -55 0 -54 -4 -40 67 -61 -4 -37 -4 -8 27 86 -14 63 68 -46 43 2 -62 -94 14 -41 -18 -27 -51 -90 75 1 43 59 99 -79 -99 70 -6 -19 86 -65 -81 -40 
-11 77 85 -3 42 -50 89 -63 87 35 -41 -46 -4 29 -95 -23 98 -87 -23 -43 23 3 81 73 34 52 56 -42 47 -21 -22 -25 87 27 -22 -56 -52 51 -33 -58 32 -69 -44 -55 100 -21 -100 -11 74 -53 -70 -80 38 -17 19 -22 72 82 -79 80 -39 14 -47 39 90 93 -100 0 70 -43 -30 0 -62 -84 58 -16 -43 9 -29 -54 -99 52 -33 16 -24 93 28 -39 69 -53 
39 -100 -69 -98 50 -69 -34 -48 56 -54 -94 86 100 29 76 -21 16 22 16 23 -3 -67 75 79 20 -9 -35 71 -75 -27 96 21 76 -29 -93 -33 -64 74 -90 89 77 50 57 46 93 -56 -69 58 -54 -99 -57 -57 -93 66 47 29 38 -13 -56 -93 -83 52 7 99 -90 -18 -88 53 -36 -77 -96 -61 -83 68 -94 -66 -55 -41 -24 64 -54 39 -53 -67 -99 -64 -94 -71 -99 -45 
-89 -69 83 83 9 -63 77 -84 47 75 -87 -45 -57 72 -49 91 -34 -84 -18 -28 61 -98 59 -16 -93 50 -53 39 -65 66 -75 30 44 55 65 -73 91 -72 99 32 -17 -20 41 -92 90 89 -16 -29 -70 31 92 44 -75 48 -63 -93 18 11 -69 20 -66 -2 -20 -72 52 54 95 30 -46 -36 -82 -49 56 50 3 34 -8 43 78 -79 46 -56 -2 -97 -73 49 96 -46 -1 89 
35 -56 -34 14 -17 55 91 -97 -18 63 25 30 -10 -4 8 -74 37 -49 -61 39 38 -31 93 -14 -58 -58 -4 40 63 29 8 -65 23 -43 -43 -88 -96 62 36 39 26 -27 -5 48 45 74 43 6 -73 -85 30 -2 -9 64 -55 60 -2 -62 31 -11 -67 78 -14 -95 33 -85 30 -7 -28 -46 85 92 -73 88 -55 56 50 22 -84 56 40 -11 -91 -71 -12 -17 -1 -16 26 70 
-100 -62 97 32 88 -79 93 -1 0 -5 88 -65 -85 -89 69 12 -88 -54 1 -81 78 45 37 -87 29 -90 51 40 48 23 88 -25 -98 -4 -74 62 -51 -80 61 96 -77 1 -47 -8 -1 86 87 88 -12 -4 73 24 -86 71 61 93 65 -82 81 42 45 -70 95 -99 54 -69 -42 -95 34 -87 62 -60 70 87 -81 -35 -11 77 65 36 60 -99 -89 -13 37 6 -39 -89 -69 3 
-55 -78 -56 46 7 -13 -96 30 -74 -89 -54 82 -4 -45 3 34 60 55 55 90 4 3 69 -28 10 29 0 5 -86 -76 86 39 -9 52 93 87 -42 80 -88 55 -42 37 92 72 99 -4 -24 94 -67 43 66 -78 -15 -67 -52 20 41 -24 52 6 15 18 -40 -11 -55 -58 1 32 -44 -95 -65 -90 17 64 -54 5 28 2 29 31 54 -80 59 4 -30 -15 -18 -93 -7 -20 
48 -66 41 46 30 4 92 65 12 1 -19 97 -72 63 -48 38 31 -32 -48 -95 -44 53 86 -72 -7 59 83 -78 -18 43 40 11 -68 -86 -75 -85 57 22 2 48 99 13 18 1 -39 -38 36 31 -27 -70 14 6 97 -34 -52 62 -48 -49 92 60 20 -27 51 72 18 -51 65 -99 72 -30 12 48 16 -81 28 55 -10 -45 -46 -48 48 -87 15 24 2 -73 -81 27 54 55 
-27 20 -81 -23 18 -15 -65 97 -1 88 41 -74 100 44 66 92 -36 -48 -28 -99 41 61 78 7 52 -60 -75 54 49 -89 47 73 4 51 83 61 -74 -8 -70 -76 18 39 -67 -79 4 -57 -40 -90 43 -17 98 60 -91 24 -60 55 46 -58 -69 -59 3 78 21 57 88 56 -29 -29 45 35 89 -84 -7 83 22 92 -8 72 -11 9 -66 -11 -23 -45 81 48 -74 10 54 -34 
25 82 60 -78 -44 -60 -91 -84 46 -22 59 -2 64 -74 0 -95 -39 56 95 54 94 -86 34 83 -86 90 98 17 -98 26 84 80 -15 -58 65 8 -42 10 -46 61 -15 40 51 27 -36 43 -42 -7 72 -68 -65 33 -68 -93 91 -59 88 53 -50 96 17 8 58 -77 39 -91 16 -19 74 62 -54 3 35 -60 -11 95 82 -38 -50 55 63 45 99 -65 -89 -76 85 24 93 -98 
24 -72 19 56 -95 32 -40 -69 -54 42 -93 3 -33 -7 5 -98 91 -88 -41 21 4 -89 67 46 -68 91 100 50 -8 -48 -72 -77 80 17 -31 5 -58 35 10 -2 -87 77 -99 -79 29 -71 92 92 -61 61 4 89 6 40 89 -80 99 71 26 -11 49 46 97 80 -24 29 -60 13 -29 81 -47 -58 19 -49 69 -52 27 -16 53 -55 -74 95 90 53 -93 49 55 -88 -66 -10 
20 -94 52 34 95 88 32 35 -80 53 77 40 -24 -97 43 79 -79 -69 -68 96 98 3 25 -64 -60 79 35 81 10 -84 93 -100 58 21 43 49 22 17 59 -30 -19 34 21 -56 100 -67 -14 59 -2 81 58 -50 -62 -43 98 -16 -54 -80 50 -20 -7 -47 69 -96 -17 -41 14 -93 24 67 -1 8 63 -24 24 -89 63 68 19 -61 -64 -52 -82 85 23 99 36 34 -43 82 
-55 -70 -15 -61 -93 -41 -29 17 -84 90 -99 -46 4 55 -89 -54 61 12 47 -13 0 56 -21 -36 -56 97 -82 -19 -68 86 46 88 73 -19 98 -14 -100 -47 31 24 51 82 45 7 96 6 -94 -64 -70 -22 -35 2 -77 -60 -95 -71 -18 95 19 52 -37 3 41 15 -60 -19 -30 74 95 87 60 -52 15 -92 -37 22 -48 45 -85 52 52 96 30 50 38 89 -33 -77 70 -47 
21 54 38 24 30 -25 60 38 98 69 -89 23 43 -48 -70 62 -60 100 -52 -40 30 -9 92 -60 -17 -63 63 -99 7 78 84 -21 46 60 54 51 -20 -14 -4 78 14 -49 -29 -53 55 77 47 52 -81 19 61 -9 -57 -86 25 83 -96 -15 -9 84 78 -51 36 -54 10 36 38 -59 12 43 -5 -9 91 32 83 71 -31 52 -9 -36 98 -20 85 79 -82 -85 -30 -16 -9 -90 
62 50 51 -88 45 -48 78 -70 -4 63 -83 -64 18 -62 66 57 3 86 48 62 50 -88 9 -25 80 83 40 81 -8 5 78 6 13 -48 -57 32 52 -39 79 -1 59 -88 -35 -28 5 35 -96 75 -22 -39 -38 -16 71 -74 19 17 -100 -66 99 -42 44 71 -63 99 21 -16 17 -52 -86 -41 81 -17 31 -1 -22 95 47 -18 -41 78 -51 99 -3 43 33 70 13 88 -75 41 
-59 4 -20 61 5 76 -8 -17 -98 -82 14 -24 49 -21 85 39 62 82 48 8 24 24 -22 -19 -89 5 35 -24 -16 -27 84 9 94 -14 -8 7 -86 100 23 16 -55 30 44 -41 90 24 23 -84 -30 -89 100 26 42 -38 -100 -21 93 48 88 -49 29 -62 -90 -5 -12 -95 47 25 32 -13 14 20 77 77 -56 36 89 -78 57 18 -35 -88 90 21 63 37 -39 37 9 1 
82 30 -46 42 -70 51 92 -2 70 86 80 87 58 20 31 -57 44 34 -30 35 60 7 -95 50 85 61 11 -42 70 -55 11 -45 -69 -43 -53 -49 1 28 27 75 88 -84 -78 4 -92 80 42 -78 -78 99 83 -47 -61 -73 98 -82 75 -27 48 -50 1 99 -44 29 87 59 28 -84 9 -34 -81 -27 17 -35 69 52 10 -88 74 -40 -21 90 99 -53 -67 93 -49 -9 -69 -41 
81 12 58 -59 37 -78 44 98 67 -18 70 80 -39 -50 -28 -60 -3 75 -29 -17 -61 3 -12 -19 -46 -19 68 -9 -4 69 78 -9 80 -83 34 25 23 52 68 52 95 60 37 -85 -15 78 22 15 86 48 60 9 -17 -90 12 52 -3 7 -44 -8 86 -46 -9 93 -46 -3 -89 -94 96 0 -12 84 -83 -51 -27 32 -31 -40 -68 9 -56 -25 -45 -45 -74 -41 13 -85 95 60 
65 38 22 -87 -84 -16 -84 -17 79 -83 24 34 -70 6 -11 7 -72 84 -42 -53 22 64 69 -42 84 -74 -82 -62 -47 1 62 -97 -37 41 -5 16 -21 -43 -81 -55 -72 19 89 -19 -69 -1 -90 -7 55 64 91 41 -69 -46 -52 4 66 4 -51 -74 18 57 -61 94 -42 -77 -71 29 58 -70 82 37 -54 -95 39 -89 57 32 -57 17 83 30 -4 -5 49 -39 -76 86 87 -70 
37 47 -68 19 97 -81 -58 37 5 -65 -61 -16 53 26 42 44 -50 37 -30 -77 -68 65 5 26 -68 -79 -77 -93 2 66 -88 -1 -67 -24 66 -3 34 27 -36 -44 -48 -92 -81 80 -43 -16 -94 63 -78 71 -34 -65 -3 28 17 -85 91 -76 97 -3 -89 -67 97 73 34 84 -11 21 -17 -71 61 -18 34 -87 -83 -15 -14 21 -40 18 61 -69 -67 -2 98 -64 31 55 38 -74 
81 -31 14 0 -84 86 62 -44 45 -42 22 77 -32 -85 1 -77 45 -56 -87 60 -3 57 26 83 -51 41 73 79 64 -7 59 80 51 90 65 -2 -49 -2 -69 88 -54 -31 2 5 -38 -14 78 0 14 -28 37 -60 97 -40 -40 -99 -90 51 -55 83 70 42 38 61 93 -26 -95 68 0 -35 24 79 51 -81 82 -26 7 -64 78 99 61 -30 -23 -55 -38 -28 -74 15 -38 -58 
-41 -67 -7 -67 12 -6 11 46 -3 -99 61 61 -36 -62 -76 82 44 79 -15 -19 -88 52 40 70 16 49 -98 94 70 47 3 -24 6 -24 -48 -30 81 51 77 -54 -83 19 -12 -40 66 -56 19 -24 15 -24 -87 -75 -6 62 91 87 -82 53 13 -70 74 33 -29 38 -53 57 97 -26 -96 -77 -75 8 -28 38 72 81 33 -64 28 -15 -53 50 -47 49 50 12 -12 17 -49 44 
57 35 -16 -10 4 -99 63 -12 14 -1 -75 20 25 27 -98 8 22 43 96 -15 -48 -40 28 -77 10 -21 -41 -53 4 27 80 -21 51 -20 49 22 -60 -13 45 -60 -24 -67 60 -13 64 68 -78 94 40 -11 30 20 95 94 -42 -57 56 -95 -50 -43 92 61 -75 -31 -17 50 -24 77 -87 43 -5 -86 20 -3 -84 88 22 -12 27 39 -48 -6 54 5 -61 -7 27 -92 29 20 
-77 -31 -85 99 93 71 55 36 -80 -37 59 -93 6 33 39 41 83 5 -42 66 -99 52 65 12 -83 -94 -13 -90 -64 -39 -88 -7 -64 -99 91 5 86 89 -10 -89 31 -99 39 -88 6 27 46 -58 61 5 -25 61 -81 -45 -45 -61 26 -97 76 57 -38 -2 -98 -71 22 -45 -68 -99 -84 90 -64 -29 -37 -58 -55 16 19 9 95 67 90 -5 65 -43 -77 7 -59 -7 -69 -82 
-23 -53 -58 -90 41 8 -63 89 -4 13 -84 -80 3 43 -96 -1 7 26 43 -18 28 88 -95 39 -26 83 12 30 99 -43 -37 -44 -59 23 -89 57 75 -9 64 96 52 99 71 64 62 46 10 -56 -51 87 36 -58 -79 11 96 97 31 88 -47 48 -78 -82 -57 -55 -100 -11 -9 89 -38 13 -14 67 -81 53 17 57 -99 50 86 -80 27 -2 84 53 -88 65 -70 5 81 -55 
43 3 -14 15 -44 -82 33 -2 80 -81 -42 -77 -3 16 14 5 -15 20 48 -63 -68 82 62 97 -42 -31 80 -10 82 -63 -93 59 50 82 94 40 -33 -46 2 74 -77 -68 93 9 88 58 -58 53 -77 -55 43 -49 -34 40 81 46 91 -41 18 -20 -77 -50 59 -14 13 39 71 -10 61 -16 93 74 -5 -94 -73 -10 -24 32 36 93 55 20 11 -88 -61 -76 83 -16 38 -12 
34 12 -62 -81 -84 -82 -67 -55 -10 -49 18 5 -82 88 -98 65 61 28 -29 30 27 -66 -17 -58 -97 95 64 91 -53 20 -23 -22 -95 -50 37 38 -60 26 -46 -34 -92 -40 -34 -63 84 61 -94 -69 -24 -64 -23 -88 -1 -66 -61 69 -53 -5 -78 -17 77 97 94 10 49 -11 -44 22 98 81 23 -49 63 -11 14 -56 -16 60 77 -13 -41 24 -97 -95 70 50 -49 86 98 81 
-42 -100 -63 -100 86 18 -48 -40 98 -81 94 5 -33 58 38 36 3 68 58 61 -70 -7 -99 9 18 -55 -54 -83 38 -23 7 93 -92 -99 -7 83 64 37 5 63 -61 94 -71 0 -35 95 69 71 68 -70 61 28 -95 0 35 -99 -70 -89 75 95 40 -98 -98 -65 -7 23 70 51 -17 -18 -83 43 79 0 73 24 14 83 -41 -32 60 -38 89 -92 21 65 92 -88 61 7 
-50 -61 35 -21 45 -37 66 -56 -52 -97 -84 1 10 93 55 78 -96 85 -59 45 30 58 -89 65 -16 -54 -37 91 -23 -52 19 -60 52 6 1 -87 -55 34 62 22 85 -88 15 23 4 -93 -9 -55 29 -24 83 69 -13 60 95 -83 -66 -73 77 29 -35 -91 39 -17 -18 -96 97 68 -92 -55 -31 89 -92 13 -8 12 51 28 -73 -5 -91 28 -99 -90 34 99 58 18 87 -25 
55 69 -7 14 -63 73 -98 89 46 -95 34 48 -27 -98 -7 -15 -1 -34 -9 -41 7 23 33 -72 2 -2 36 -74 -27 -79 -80 94 86 -67 -62 -45 93 93 -83 -83 92 58 99 9 -93 16 31 -88 7 65 -9 -40 71 33 100 -24 2 -60 3 -31 47 -87 7 -45 30 -66 -55 -17 9 88 40 95 -24 -38 -48 72 31 46 -28 41 -69 16 60 -60 -97 -56 -68 -51 79 23 
-11 -71 78 100 -59 19 -36 57 -25 82 -42 -98 -36 32 59 -49 -74 -69 -3 -64 -21 -80 -97 -68 60 -83 -29 37 27 -69 -52 13 46 97 79 -19 13 -67 -89 -48 13 71 -52 51 39 34 7 24 -42 98 72 -60 20 -27 -59 14 26 -50 17 11 71 18 21 31 -27 -71 68 -94 59 28 87 -54 -49 -88 5 -68 -18 -29 -21 -27 33 75 8 -25 51 -30 -89 -19 14 -57 
-25 -33 56 99 -75 85 -85 -42 74 11 17 -77 -4 -51 -74 43 -18 51 -77 73 -28 84 77 -86 28 13 17 20 -79 63 -44 98 -94 -24 26 -22 -35 -37 -86 39 -12 10 91 66 37 -24 -38 29 56 5 83 9 55 86 -53 44 -89 -58 -66 17 24 -91 -80 73 3 88 -91 -100 40 47 -44 -59 -64 33 99 56 52 -84 -84 99 -79 76 -93 64 22 -9 78 -52 15 -65 
76 89 10 25 14 56 50 -57 71 11 29 -70 10 -92 -93 93 75 -79 71 50 13 45 -98 58 -21 -83 -27 67 56 47 -28 24 -81 100 95 -52 30 -14 40 -76 94 33 -90 -15 -35 -70 -56 -21 32 19 45 74 23 35 -7 -59 -42 62 -22 50 97 59 -63 -44 -2 -80 -51 72 83 -1 -38 -26 46 22 43 -60 -79 -7 91 80 -56 69 -41 58 24 -92 94 -49 29 51 
76 -71 -50 86 -4 17 -60 -86 41 -41 1 -98 61 -45 -55 34 -57 32 -89 -38 -67 -39 18 78 -72 36 -16 -53 -6 -45 -20 36 -8 -72 0 -16 -94 27 4 15 -70 -89 -56 -81 64 -47 -60 25 22 15 18 47 98 60 96 85 80 75 41 -28 -24 10 61 -4 -96 -20 -13 -91 9 -14 -75 -100 54 -27 -7 -64 19 -74 15 -77 59 50 -48 -98 12 29 -19 -69 -46 -49 
-24 91 -33 -27 40 -5 68 75 -83 99 31 -67 68 -5 -28 18 -69 56 25 54 49 -15 21 -97 6 -12 -91 32 -41 10 13 -91 -74 88 15 28 -33 54 8 -44 45 47 0 -59 55 -79 54 -93 -2 75 60 -68 -59 70 7 -83 100 -89 72 20 93 44 -42 97 -24 71 -56 26 90 -97 30 61 -27 99 2 34 -49 -15 -55 -7 -11 -37 75 90 -42 43 -72 51 32 -46 
-65 -73 -97 52 -48 -13 -59 -3 36 68 -27 -34 86 71 66 65 47 51 39 -100 -91 90 -72 88 31 -35 69 90 47 70 -62 92 -84 37 -68 59 -17 -24 98 -42 33 70 -15 -65 87 79 74 -5 50 -95 28 58 -37 -36 48 -73 79 88 -79 88 -5 -99 78 86 -93 -19 -83 24 -44 -83 -94 -17 80 -3 8 16 91 89 48 -58 -53 -93 -38 -4 46 -10 30 89 40 -48 
-10 75 -33 5 29 -43 -76 85 -11 70 -37 -7 3 -98 12 53 -1 78 -54 -29 -33 33 -25 84 -39 18 71 -21 39 -86 -95 -6 51 36 -61 -39 -29 -89 26 8 2 -35 -36 85 -70 34 24 65 -59 8 -14 41 37 50 -85 62 -60 -40 79 -95 -24 -93 100 0 11 -23 -9 66 79 36 -61 -93 -95 -25 -62 92 80 -4 73 45 -92 99 -73 -76 -50 91 -88 -17 -83 92 
-43 66 21 51 16 1 39 -17 84 41 -26 -99 -81 -98 -43 28 85 79 -70 53 -37 -35 -55 -5 -47 18 -39 86 -87 74 83 80 -35 -86 12 87 -59 -27 7 21 28 -22 -56 -28 63 -94 79 53 18 98 40 85 -47 -67 -59 -47 -68 -95 -52 4 -73 -39 72 -59 27 -16 56 28 -60 29 57 57 55 -9 -46 -2 38 -24 45 47 -26 23 -44 66 30 76 -11 27 48 0 
89 18 22 -53 91 78 63 -49 -100 22 -83 21 5 -31 -6 27 -21 69 28 -33 -37 -84 94 -3 -51 -100 71 59 -67 -98 -19 95 -40 29 37 -18 -56 -68 -85 49 22 -75 32 -75 -9 -23 94 47 -34 -83 -58 -2 0 -55 21 -7 43 -93 49 82 58 7 -9 20 25 -26 13 -70 73 -3 -10 -89 94 -90 14 84 2 -25 -2 -36 -94 95 87 -30 62 -90 5 86 9 -51 
15 -7 -63 94 48 -90 -52 -84 7 94 9 95 73 -55 9 86 22 -14 25 -29 56 40 97 68 19 -97 -47 -87 -15 -41 -98 33 -30 33 -96 -90 -97 13 68 -1 -96 -80 -35 -60 -70 -41 -46 82 -51 -69 -68 -85 7 44 23 50 -79 100 -7 -33 -44 -66 55 -23 -21 65 31 -44 -8 -77 25 3 99 -32 -26 -58 38 -43 -48 -44 -62 -9 30 -36 -77 44 -48 6 83 -54 
62 34 64 -41 90 -100 25 -79 -46 -75 7 7 77 -31 -33 84 -24 -17 -23 -21 29 -24 -35 -96 -57 22 99 89 34 69 -58 58 -94 3 -82 -72 78 -93 -62 -19 -100 10 -91 29 -40 -10 -80 69 -31 82 -42 -61 51 31 -2 -89 -5 -79 94 -22 48 -49 3 66 -93 -90 33 20 69 81 -25 91 6 40 -84 23 50 -85 -73 -81 -3 -80 -46 -58 6 80 -61 84 -72 62 
-100 26 -98 77 99 -10 -50 70 69 34 38 -40 -62 58 -27 -66 -83 -85 -17 91 64 -43 12 48 15 -35 59 77 -34 -19 -67 22 59 -66 -27 45 90 -99 -48 -69 -91 -87 62 -13 -51 -64 97 30 -79 37 -71 17 -100 75 -4 -26 -82 89 -4 63 40 47 69 16 43 26 -43 23 -58 -33 69 -89 -75 -85 38 19 63 75 -51 81 -14 26 75 5 -18 -95 -94 -20 75 94 
21 18 -94 6 86 98 -17 -9 -41 -50 -2 -96 42 69 -6 -22 -92 -39 -78 -40 -98 -69 86 62 -93 19 -94 -38 60 -13 -52 -83 -69 -73 53 -29 -30 -87 -62 -34 -13 -90 97 -23 21 3 32 -88 -22 -62 -15 85 17 85 -51 -68 72 45 49 0 72 19 83 -60 -97 80 21 -80 -10 91 52 36 -8 38 -58 -33 -98 -95 -32 49 -25 59 -68 69 -63 -100 92 -5 71 -42 
-97 12 45 55 18 -71 -22 34 70 -3 59 -65 -45 -32 52 32 42 -45 48 68 34 -52 -94 -31 1 -100 -96 89 68 91 -58 -24 45 10 -86 -75 -50 -54 -62 -53 27 -51 -70 98 -99 -12 -62 1 37 19 -5 -12 74 -94 94 -20 -27 44 3 -14 -33 79 47 -78 85 -59 60 -93 -68 98 12 28 34 47 34 -21 -3 -94 -20 11 78 -35 69 -50 56 -18 69 81 11 7 
-23 -35 71 -95 68 97 -37 21 -61 44 -91 -80 95 -35 -51 70 -34 -76 85 23 -8 72 14 -52 68 43 33 25 15 -52 52 28 -9 -91 0 -38 19 32 46 -84 -8 18 -41 -33 59 -16 43 -85 56 44 34 16 -28 -91 4 53 -49 83 -83 19 -41 -33 16 -38 -10 -41 68 -47 72 74 80 -54 73 11 -64 -90 44 74 -21 75 -23 -74 -17 71 -39 49 -75 1 33 27 
62 -77 -26 -99 72 32 -11 47 -10 95 26 81 -72 17 77 9 -25 2 -24 21 -33 -5 -65 13 59 -60 63 76 48 0 -4 -100 -25 82 28 -63 49 -58 70 -38 -32 58 -71 55 -6 -52 -84 83 15 -25 -66 -83 -56 -44 -7 -15 56 34 60 -99 -13 66 0 13 92 -14 19 9 -49 -52 33 -43 68 1 -28 11 23 -86 21 24 13 49 99 -62 -53 30 -11 94 85 73 
-63 43 7 43 -41 -42 -25 99 -39 -2 53 0 93 52 43 97 95 -14 -32 -40 -77 -18 -91 -47 86 93 -39 -19 30 0 -88 -38 -95 -79 -95 -88 -54 69 11 87 98 98 -13 -96 -85 -62 51 35 96 -23 -95 79 84 89 -18 -92 43 -38 90 24 29 -44 44 23 -25 87 89 -18 95 -29 70 45 72 -33 -68 32 35 3 -99 4 2 -68 55 -98 -92 83 100 16 95 65 
14 -52 86 87 -66 -43 -43 -54 -49 57 17 86 -77 12 96 -50 45 73 20 -22 2 30 18 53 58 47 22 -89 -50 -77 -67 13 0 -55 16 34 84 57 -40 36 -18 42 -47 -70 -2 22 -93 -10 100 79 79 36 91 -22 17 -91 6 58 90 75 87 -95 59 -93 82 41 -28 -49 60 55 -17 81 85 17 5 -77 6 59 -85 2 66 99 -36 -13 -100 29 -17 -24 -98 -35 
-26 -17 89 -70 71 -83 -66 94 94 85 -56 -99 -1 71 66 -58 -23 -25 -25 88 -57 87 16 73 45 69 45 18 -21 -9 -18 27 30 -79 6 95 -1 -54 -4 -52 11 85 -34 5 -14 -84 -51 -31 -21 -35 43 94 1 -18 18 -84 -5 -6 -83 -96 -13 -31 -70 75 83 -37 64 92 -73 39 -27 -60 69 -53 42 41 60 -70 96 -63 -95 -22 -7 -63 78 74 79 -78 -92 55 
-92 81 -25 53 86 -87 31 82 -84 -30 -29 24 -38 -29 71 -6 23 -37 -63 -30 2 -73 -6 -100 -28 37 23 -69 -9 -64 -49 -47 -78 23 73 77 46 -22 -25 81 -46 -21 -86 80 69 12 -55 -11 -4 -79 55 -62 -34 -78 9 70 29 87 -79 -21 30 33 -56 -35 63 31 -12 -51 86 44 -1 -31 -80 -11 -45 29 47 -72 67 -70 10 79 -60 -29 89 4 -53 60 89 30 
46 66 66 88 32 -23 13 -97 -61 33 46 88 72 73 47 -43 46 -61 -26 -8 -41 55 30 0 -60 11 -73 59 -89 10 -71 25 5 38 44 67 -11 -35 -39 -37 -16 13 -79 71 -56 72 59 70 14 24 -28 -96 -39 -4 -89 -89 -60 -86 -70 21 57 17 -28 -74 -60 -45 78 77 64 21 -11 93 27 58 -28 -38 -13 -64 85 -85 8 71 83 90 14 -8 -58 67 36 -51 
92 78 41 -34 62 10 37 55 30 -41 80 40 -23 85 -28 -16 30 26 71 -59 -89 71 88 -43 95 -78 28 59 21 -51 -33 -52 -8 -59 28 -18 -82 99 42 100 -13 90 83 -34 50 66 48 -19 -71 -5 -88 33 48 -36 78 76 57 -76 -14 43 -2 -75 88 -40 -99 -61 -83 -35 10 10 89 -35 -39 13 -11 7 -49 -5 86 -80 66 9 -90 -34 11 23 -66 38 83 -56 
75 17 -38 87 -7 26 71 -25 86 -70 26 -78 3 37 48 -61 -64 -37 -15 -63 -23 -54 -51 -9 6 -3 -60 -79 -54 19 -79 61 9 -33 81 -70 99 89 46 -27 87 -100 -26 9 31 -33 53 -81 89 3 36 52 -3 -14 -66 -9 35 53 -17 -24 74 -93 -96 -62 32 -95 73 16 -12 18 -54 -34 -85 18 70 29 -96 -83 62 -12 -95 -100 -16 -6 26 53 -74 -97 -79 56 
-49 58 -68 -13 85 -17 -64 -88 -28 -6 -31 -8 -100 19 -23 45 -70 -64 -9 42 -73 87 100 50 -40 -77 63 86 -62 52 71 36 79 81 -82 -70 66 75 1 4 32 -79 0 -44 2 -53 -88 75 -82 61 72 21 -36 -92 45 -1 80 -51 81 -81 -8 -23 37 -13 25 62 59 -42 60 23 -91 73 -42 18 34 54 32 -42 95 -99 -12 40 43 23 -62 -31 -18 27 -33 77 
-3 -42 64 88 82 -52 38 -64 71 -19 36 -70 -92 -34 78 38 -64 39 -6 13 -31 -88 -3 -44 -20 -25 73 -40 -91 -17 99 -69 -33 -86 53 53 -58 -41 -15 -52 -84 85 92 -7 -7 97 -74 12 64 19 -80 -50 -25 -34 -14 86 26 37 5 -72 46 42 24 -83 3 10 -55 -80 89 65 50 -61 -5 -84 45 34 68 67 20 -30 81 7 -95 81 -67 46 -77 47 -30 -24 
7 53 -41 25 -96 92 34 52 39 -13 -100 26 -13 75 6 -78 -1 -15 94 -27 97 21 56 8 74 23 44 89 -57 81 2 30 62 39 -49 1 -43 -42 -43 29 7 31 -87 -82 9 0 91 -66 -31 -23 10 25 75 -9 -5 -68 6 -90 -1 33 89 -20 -18 93 68 24 -41 -75 -56 -36 -9 -62 23 -42 43 56 50 -16 73 -44 -72 -48 -81 -50 8 -64 -32 24 -97 90 
0 60 63 -89 77 93 -34 -99 4 55 -67 44 37 55 90 -71 35 80 -35 -82 -91 -12 62 85 -43 -76 1 78 79 9 -74 12 75 -63 -65 96 -50 -100 4 6 -10 -15 -41 54 -3 19 -10 -7 57 62 -44 -91 2 76 -16 14 -14 97 -76 81 -62 -35 29 76 -70 52 74 -95 34 -62 41 -32 -98 36 1 -94 -61 66 -27 88 -77 91 -31 43 50 -1 61 46 76 7 
83 26 -2 24 98 -18 -15 -74 26 100 6 96 -95 -84 -75 87 38 51 83 32 92 8 20 -66 -6 39 -81 -89 -50 98 -42 90 1 50 84 -90 31 9 -28 98 -42 98 32 -71 24 32 -61 44 96 63 75 36 -91 70 50 -46 -69 98 -54 73 -49 -5 -79 -39 -68 -41 29 72 -20 -50 91 -50 23 75 -91 96 -64 -7 -7 -86 -33 46 72 90 -75 30 9 -65 -55 -92 
49 -56 32 -86 -14 91 -18 5 85 -65 47 -47 60 -1 67 -69 49 94 73 95 -90 -63 -50 -24 41 91 -17 -39 -94 13 -58 65 51 -15 29 11 -4 88 -36 62 98 -6 -73 4 11 -26 -26 -11 -25 -74 77 -95 75 6 -85 94 -24 -15 29 97 51 47 -93 -46 -36 -26 -50 38 -5 54 40 13 63 74 12 46 55 -99 11 -24 -61 -97 4 -14 -42 38 -25 75 80 -38 
6 22 -83 -10 28 23 -74 63 -71 92 71 -83 94 -54 22 1 60 -64 90 96 -7 2 29 10 -85 -25 33 68 -21 78 -95 -74 45 50 -36 -96 17 69 -59 72 86 90 62 -80 -17 -79 47 54 -27 79 85 -43 88 -27 -90 22 -17 -74 50 -37 34 46 -38 45 97 71 19 -32 -43 66 7 66 -91 71 -82 60 -54 60 -67 93 80 -29 -18 -60 0 -100 -30 -8 73 24 
-92 83 36 -29 76 54 65 -95 39 79 61 -46 -27 64 54 80 56 16 -48 80 32 -61 92 27 77 67 -24 -46 -32 -89 23 -54 -94 39 9 -1 40 83 99 85 -47 -67 -93 69 -9 -6 -28 -87 -59 8 -59 35 57 86 -83 32 -78 5 57 -64 14 -85 6 -38 -80 -4 -46 -34 -6 87 59 78 12 -39 89 16 -5 31 15 75 -72 55 -46 44 72 53 -3 -60 -4 77 
-17 -12 5 29 -90 -31 32 -68 17 84 -32 87 64 -5 34 58 -77 -55 29 82 -16 -12 -63 -39 -71 -15 -72 35 -20 -92 98 89 -65 61 66 -16 -22 -58 -3 -27 -43 99 85 -91 -78 29 -34 2 -76 13 100 -66 51 -88 -56 2 80 41 -85 91 -71 -21 -32 42 -11 16 22 36 -42 77 -27 -73 83 28 -46 -81 0 51 -43 100 42 -56 -52 -52 -20 93 -49 -62 68 98 
0 35 93 59 -31 34 96 -1 31 17 22 45 -95 11 28 19 13 18 -13 -25 81 -94 -3 -89 -8 63 51 49 -71 87 99 -4 92 -1 36 -73 7 -29 43 70 44 -94 72 12 94 -75 -13 -97 85 -78 -36 39 27 59 -97 -92 -52 -41 95 27 -12 8 -72 22 1 66 -29 -90 26 -43 -29 70 -52 -79 56 46 -1 -89 86 -80 -13 -7 -58 7 94 -90 -54 -58 -2 -78 
-69 76 34 -85 -36 -99 95 25 -33 -39 -65 -90 97 -53 89 -34 97 -7 77 -10 -99 -52 26 -31 -43 -69 66 81 -5 99 -13 50 -12 88 8 67 52 -24 -71 -43 23 -60 -13 -74 -8 85 34 -37 -3 -46 -11 46 -16 53 92 -91 11 79 -80 99 -17 -15 -100 77 31 -49 -49 3 30 79 94 -88 -49 -43 60 19 95 -55 -12 0 78 100 -54 -24 -67 86 84 99 -16 -64 
