4 52 77 63 45 -61 35 -46 87 59 -98 97 -5 31 81 -82 -43 -9 -59 39 -14 36 -76 78 46 -76 73 -21 -29 94 -99 -45 -27 8 19 69 -26 -61 -56 79 -80 55 41 -57 -33 28 24 24 -34 -41 
-90 -18 100 -8 -44 12 10 61 18 -3 74 -29 89 38 -87 -33 2 -56 -8 94 -18 68 -100 -44 0 -43 -20 -73 70 38 21 -75 8 -24 -54 41 52 -76 -41 -57 -12 -25 -15 71 64 39 -17 -78 63 40 
-76 12 -15 -34 7 43 57 -35 32 -68 -11 34 -44 -8 -97 -75 51 -86 -72 -100 50 -28 -26 56 19 -96 18 76 -48 -54 -99 60 14 34 -57 -2 -62 85 -29 26 45 -82 74 73 -63 -6 46 5 31 58 
-100 -99 -97 62 88 65 27 -89 -79 98 -24 24 39 0 55 2 -91 0 34 -11 10 15 -70 21 98 85 -75 -32 20 71 23 77 54 73 -15 -18 -57 -99 -16 -94 35 19 -90 12 33 -45 -26 35 -17 92 
0 30 52 75 67 53 -63 80 -88 87 -12 -54 -48 78 -6 33 24 46 27 25 74 75 30 51 -2 -62 38 85 -31 19 -49 99 14 79 97 -38 -78 9 59 17 75 -42 42 75 -33 -63 -74 -4 50 -46 
13 95 32 14 -90 45 -76 -48 31 47 -35 -52 -31 53 0 -95 18 45 -38 4 -92 99 82 96 -72 84 25 73 6 -90 9 -46 61 -71 -37 21 -23 -57 100 -24 94 -98 58 -50 29 81 -76 -61 -46 60 
37 18 89 -61 -31 59 35 -56 64 -41 -94 4 -32 53 -40 46 -48 -10 63 -88 68 -92 -51 32 91 -88 80 -38 -70 15 79 -30 44 -24 74 -58 -74 37 63 -60 4 38 -76 58 -64 -89 -82 98 66 -60 
-12 -75 81 -40 -31 37 -40 -84 -37 88 -48 -33 -3 77 64 68 -94 -67 -44 -21 -7 -95 -31 40 58 67 42 -62 20 74 -19 -60 7 -74 10 78 2 45 24 32 69 54 -14 55 -86 -62 -70 -66 -1 78 
30 -14 -37 5 12 37 1 29 49 11 -86 67 39 1 80 -80 34 5 98 55 -47 -80 -19 -20 61 -42 -65 -92 80 48 30 69 -69 19 -21 58 -90 -1 -36 38 -97 1 43 73 83 72 82 -52 67 59 
30 -65 94 19 34 -70 -6 -75 10 52 -3 -6 -9 36 92 75 -58 11 57 66 -55 98 84 -13 -33 22 73 22 -2 84 -89 4 54 67 -40 -71 -56 -76 -8 -64 78 -57 28 -66 43 89 -36 -83 -11 -94 
-73 -62 69 49 40 10 69 32 -44 -88 -83 44 -18 16 95 -35 -16 -25 7 87 6 -3 -41 -48 24 -78 94 28 27 -22 59 -62 85 0 -99 16 51 -41 9 -84 57 -84 60 -45 -31 2 29 -32 -23 -87 
25 -94 -15 -61 -83 -100 -20 -46 37 31 69 81 -81 -95 -54 -7 -100 10 -74 72 6 -87 -31 7 15 58 -64 -7 84 98 0 89 -74 72 33 -14 93 -11 6 69 -54 -30 35 81 -86 -7 -19 81 -40 -33 
-99 56 -7 -89 46 -24 14 -12 -96 -63 -4 -40 17 -86 87 100 21 -29 35 0 -11 21 57 17 -98 73 82 85 -72 -68 100 1 1 -44 96 -37 -1 94 29 35 -95 98 -84 -54 -80 73 3 4 24 -100 
53 -25 -84 -71 0 20 2 -99 -13 50 38 -11 -53 32 -68 39 -66 -39 1 97 -33 -64 -66 -77 -90 34 -9 58 9 -90 -98 -11 -16 15 3 -58 85 -53 -90 94 -60 -82 -86 27 -74 -60 18 4 -80 -50 
51 -18 -22 67 -1 57 -78 -93 91 90 -83 81 60 -58 -20 4 28 -21 93 -68 -42 -83 -91 5 68 78 -61 -63 -35 -67 59 -43 -72 -72 75 33 -34 37 14 11 -32 71 60 -98 -82 -77 68 25 14 47 
43 -59 72 -8 78 -8 14 67 -38 84 -6 -82 65 -73 51 0 68 -48 10 -93 66 69 68 -47 75 25 -84 38 -25 6 89 -40 -15 -22 -2 -24 -10 25 97 37 -23 42 -29 3 -12 82 28 88 25 -4 
-16 -9 17 58 -67 52 15 100 93 83 -40 19 12 -31 -10 -17 27 86 -9 29 84 30 -9 -6 -100 -50 -16 -86 -83 -11 79 78 3 43 64 -35 84 93 48 -3 94 98 -53 -69 45 -41 -55 -41 32 86 
20 -84 64 89 -12 14 -31 75 6 84 -5 -33 -10 26 -100 14 -67 -18 -46 68 -95 18 27 63 91 -72 -81 21 56 -29 -78 61 22 11 53 81 -13 -48 -29 79 -53 -63 61 -64 12 -54 15 6 86 98 
55 26 28 -29 31 -56 60 59 -71 -95 -4 33 -67 -55 -50 -15 -16 -91 -14 -64 -84 63 30 -30 -53 -93 -71 43 91 32 -44 -6 96 -10 76 -54 52 -77 -16 4 70 0 62 -12 47 6 -43 91 82 -38 
61 8 30 74 -97 81 4 -87 -97 28 62 12 58 -6 28 70 38 42 -13 55 71 66 -50 16 -46 -4 31 50 -94 -56 55 -13 1 94 -100 -4 -46 76 -18 -44 -68 37 -16 -94 -25 -88 100 29 38 83 
2 97 87 7 30 10 87 -28 28 21 41 -46 -52 27 35 -75 24 30 -18 26 -67 24 -27 100 11 61 -37 91 7 77 -27 76 -88 -38 -32 75 -58 -39 -39 36 24 80 -90 58 94 1 56 25 24 -63 
-96 98 56 14 59 72 -51 77 -4 -93 50 -86 -57 -45 -3 15 -46 -88 31 60 14 13 -19 -39 -79 -77 -12 29 -62 -15 50 -73 -18 -37 -9 39 97 81 -13 -72 -30 -56 -49 78 -68 -81 -60 39 -71 -73 
-84 97 73 40 91 34 19 65 68 66 24 78 84 -72 -5 64 -55 -1 -63 -95 35 27 -55 -42 50 -45 74 -89 -91 90 70 -84 22 54 -54 -33 47 52 84 67 -33 9 90 -73 44 -96 59 -28 20 -99 
91 45 -82 -10 22 -87 6 -73 -40 97 -29 79 92 94 -4 76 87 59 -26 -57 -73 4 -87 5 75 -42 92 -18 40 14 -45 31 -21 56 10 94 -18 -45 -11 -54 -70 18 79 -87 41 -63 12 -59 20 -11 
8 100 -65 98 -86 -35 55 54 39 70 -72 81 81 -48 68 -11 50 -43 -8 88 -38 96 59 -80 -76 -66 51 32 -30 37 71 -75 38 86 -50 54 73 51 -1 13 25 -83 70 -100 49 -93 -77 50 -35 -50 
5 -100 39 31 -98 -81 66 67 -52 -3 -83 -70 -68 30 86 -37 60 -35 10 -92 -4 -38 92 -74 -21 61 54 -20 41 -24 55 56 -74 51 -7 58 -22 5 -62 87 -56 0 -75 82 26 38 98 -27 66 6 
-73 94 -73 -45 27 78 -51 15 -88 44 -92 52 5 67 99 62 93 -92 44 -4 -46 10 10 81 70 -41 -40 -30 35 14 -45 68 91 -13 64 -25 -63 42 -42 32 -40 39 24 90 -95 47 -2 79 51 -14 
-60 -22 -55 38 -12 26 -60 44 -64 -3 -73 -90 -24 -74 55 -53 69 -91 9 59 -10 21 50 -33 -41 59 -64 36 -99 91 -45 32 -18 47 -79 -20 -44 23 23 -26 85 -78 75 85 -8 38 -47 -66 100 -21 
73 56 13 46 82 -26 6 -21 -87 46 25 -50 -93 -85 -50 -98 -29 -43 16 10 -89 75 -41 -57 6 -61 -63 63 73 4 73 -13 79 -45 -16 -6 -61 87 -11 8 38 57 63 -83 -85 -41 -28 -53 4 -95 
98 84 -40 -34 60 93 -29 -57 68 -46 12 -43 -49 -38 -29 -56 -30 22 -24 45 -15 84 -90 5 13 -76 -51 -3 -30 83 68 -82 -70 77 74 -72 46 13 28 -3 72 84 -47 -96 95 24 77 7 -40 58 
68 90 14 98 -75 -98 40 -27 25 -5 -79 -61 47 87 54 43 11 82 38 -18 -67 36 -11 -31 28 10 -33 -54 6 53 13 53 84 -69 64 11 -94 -4 -78 68 36 100 56 44 -18 -68 -37 -29 22 45 
-86 18 93 38 -65 -1 -74 4 89 97 96 49 -80 29 -58 22 -91 81 -64 -6 -7 31 -60 48 67 -63 -22 96 -84 44 -27 7 20 100 -46 -87 -46 -98 71 46 -10 87 76 -87 92 -88 -34 -17 -31 -92 
40 85 -56 -23 -45 -71 -52 -55 -34 -6 57 -100 -55 -37 27 39 -74 -2 38 -57 38 24 2 96 10 44 76 -29 43 55 70 -91 67 -41 8 -87 67 21 -1 71 -61 -48 57 -17 78 27 -82 87 -25 -45 
20 27 -43 34 10 -29 77 -25 8 1 -86 21 -32 -16 -76 -97 -16 -90 -29 38 -86 7 57 41 53 26 -34 -40 -97 93 37 -75 65 -20 87 27 -71 -52 75 9 10 74 82 18 -3 30 -84 81 -13 -9 
-59 20 -30 -60 -27 -74 -11 -15 -93 -38 -4 -37 13 -86 -97 -84 -48 47 63 52 -39 -96 -37 87 62 -98 -35 5 13 17 -44 -40 89 -69 -32 -1 6 4 50 18 -50 -44 12 -87 2 91 97 -90 67 -74 
75 49 -32 26 -5 88 -15 10 48 -47 -7 15 -33 -12 42 -52 -100 67 26 -89 34 32 -36 42 -98 89 21 -24 -17 27 -96 74 10 75 -82 -77 -89 -63 71 -7 20 -99 74 -56 7 30 -53 -71 48 -83 
-63 -40 11 77 -31 64 -79 -57 -56 -30 71 7 -18 19 41 -10 39 38 -66 -48 -82 -32 -1 100 -73 92 11 -59 80 5 -30 59 58 2 25 -62 97 -70 -99 -10 9 -62 -79 20 -63 12 14 -27 73 -35 
-79 17 11 79 -78 -68 71 -81 -13 24 54 87 15 -67 -78 -23 -11 -7 -100 90 88 -94 22 0 -30 74 94 -58 7 -42 -8 -1 -41 -32 -26 -1 -37 74 -14 60 55 3 91 89 85 -94 -53 98 -49 -48 
25 -30 -83 -90 23 -44 82 -27 -26 11 -30 44 40 21 -7 -80 -69 -45 -74 -43 4 -46 -81 -85 75 -54 -3 -21 39 -21 -88 -24 -69 11 -59 79 7 80 21 24 98 84 -36 25 -81 22 -9 70 22 29 
55 -93 44 -98 -37 82 -68 -5 68 -2 89 -56 -55 56 65 50 -44 -61 -36 -2 -95 68 -91 -66 41 65 51 61 -14 -21 -55 -52 -98 -3 -45 38 58 17 -71 58 -40 -47 48 -74 -31 11 -16 -26 49 -77 
-21 37 -76 89 30 47 28 41 51 51 12 -89 56 18 -88 -100 -58 -24 -71 79 -77 -7 -53 -56 -74 -22 30 -22 -69 -76 38 48 -100 -70 18 9 -11 42 11 -28 97 -68 -94 10 -84 -46 -98 83 3 -91 
18 -33 72 25 82 8 -86 -25 -21 -94 39 -8 34 -32 -63 -30 53 94 -7 -86 -53 39 52 -76 7 -55 -97 -93 -96 -65 76 53 -32 -44 -36 -79 -1 -57 39 -98 65 13 23 -41 -60 -38 44 87 -82 -52 
-26 -11 -11 1 -57 79 -58 -69 48 -64 18 65 -59 -65 -47 -73 86 39 -11 -81 -5 -16 -77 30 62 38 -50 72 76 36 39 -23 57 74 -28 90 -49 -54 8 -23 -93 83 2 80 62 -35 -41 23 94 77 
-29 -68 -2 -33 -49 49 16 5 94 56 19 -61 -65 -69 -28 7 -17 -88 -64 49 62 -17 -22 49 85 5 -64 -70 55 43 -19 -7 5 2 43 -13 16 -79 -47 79 -8 -80 -60 22 -63 15 51 -60 -90 9 
50 -85 -68 -1 -51 66 8 88 -39 31 -95 -14 -3 -6 -70 -51 85 27 -92 -96 80 -17 72 85 41 10 -44 88 24 8 -20 62 80 37 48 -36 2 -3 -70 -83 82 -68 -90 -37 -18 40 -37 -14 80 -71 
-82 32 -77 -39 29 36 87 -18 -21 52 -21 -79 7 0 -60 -10 89 9 -82 100 31 45 62 -9 93 40 60 52 -71 35 -22 53 -72 74 97 65 17 -36 24 1 5 -67 -79 -20 -5 -19 70 -28 83 51 
-78 70 99 -68 14 -19 62 -91 0 66 89 47 -83 -96 -22 44 18 38 -70 99 90 77 43 -90 74 -22 -95 18 95 72 -63 -58 -55 0 -25 -49 -54 -24 2 -10 47 -83 63 -74 -48 20 -87 88 -91 -63 
-95 28 32 44 -67 41 37 67 -23 -3 27 -97 60 30 12 74 25 -53 14 78 7 -34 12 88 25 2 -61 99 -69 81 53 24 -61 -48 -45 -50 67 51 -89 -93 -58 32 84 52 66 -96 39 -66 -76 -26 
-55 -64 6 -78 -99 85 -82 -57 48 -20 -24 65 7 49 13 26 -21 -67 40 31 -87 53 -79 -86 58 39 25 91 4 -53 39 -71 -63 39 -34 -99 57 -5 -18 24 -42 13 40 -36 4 -37 -80 -79 57 -29 
20 20 73 -18 -82 76 -36 -11 -99 65 14 44 81 93 -6 55 54 17 -7 70 17 12 -86 -94 98 -43 -99 5 -18 -46 -91 41 22 -75 25 79 -59 -40 44 -45 96 97 -16 -13 30 -58 0 92 61 44 
